419940994
114359585
114359584
173278501
278855365
114359588
278855366
272969472
612737828
110391041
110391042
110391044
110391045
380749511
717343078
528068582
602392805
683180134
557681859
683180131
597774630
624356193
624356195
542611137
624356197
624356196
585923333
542611138
190713889
604518694
672690658
503902885
248743142
248743143
248743140
615036775
711751168
278855364
775653633
765728645
729517728
608279463
760227043
679148832
760227045
278907619
34427111
754004516
271712036
486101925
600605409
608279461
271712032
271712033
264806657
740544385
136359783
136359782
136359780
211635520
211635521
211635522
211635524
546998338
264806658
211635527
207134691
197671296
207134693
714111909
133265377
207134694
279755271
420203425
718778949
420203429
343846788
448353218
197671299
634879363
192839463
133744896
261867748
717271207
370813027
717271205
16201703
16201702
16201701
16201700
133744899
608513990
608513991
273470752
745341696
273470756
273470757
273470754
700798979
324959462
764514786
273470759
717783685
310627682
636331141
115015815
115015814
695101927
685422113
115015811
709078434
74006849
184737216
582872416
558540352
650638341
695797952
695797953
1341798
695797955
142458788
142458789
1341796
530516613
542589767
542589766
1341792
542589764
452636899
752135845
709078433
233670567
753055776
233670565
233670563
452636896
233670560
665692480
636468485
593721701
193483173
547952481
260424230
543381889
327882720
355549569
358384737
459993125
337531908
449757959
463872868
463872867
449757956
463872865
773940196
449757953
449757952
624356194
631801444
666129376
753055779
375294016
618844514
294235232
584484192
343418852
375294019
584484197
343418855
517990021
616001828
621498594
670389443
604518691
388941410
427896805
621375297
427896801
427896800
542611139
556554882
573458950
29333697
29333696
622342823
246049509
256098369
678846016
289143750
92271457
593722981
268685958
508643712
92271458
508643715
142564102
777303303
547742918
142564101
431379174
628151428
628151429
547742912
628151427
547742916
777303301
547742915
724231427
570261252
570261251
210775392
210775395
210775394
570261255
210775396
210775399
210775398
351368609
783949312
443741570
444053347
443741573
744281542
55247266
549859844
611332129
117205828
453650180
724222082
617695174
117720580
724222086
135618658
724222084
368783008
697659719
171397606
141088070
141088071
264454565
147618501
466512898
264454561
134088321
77546945
560922496
402539909
670175590
24785444
2920741
560922499
24785441
77546948
24785443
71344935
477052610
660476423
402885314
71344930
71344932
402885318
125497734
125497730
125497733
644290145
644290144
644290146
103581861
211831714
211831717
103581862
211831719
573301382
345624580
229156102
363430725
363430724
363430727
760227044
525512997
481861862
552816101
258856737
466512896
458517248
192211648
455358528
128245767
454374566
128245765
128245763
128245760
745122565
528840386
624576037
509365888
487614596
657913826
316745095
316745092
123226464
123226466
123226469
123226468
787997604
25414983
25414980
625706371
56818215
326863171
498039040
283390151
56818211
710680960
498039044
593621376
272816096
300508868
300508867
300508866
300508865
191923269
728912033
272816099
569447236
11074912
315412579
472549250
698075462
11074916
472549255
698075461
596825858
403031744
11074919
484948612
315412576
165714464
734388581
360267431
516641958
497247777
516641952
743019715
516641954
373696481
373696483
698089954
373696487
165714468
698089959
771318983
725802084
436949639
249617508
464082342
677271623
73194279
73194278
73194276
327792995
249617505
249617504
249617507
249617506
658894917
347318599
525512992
11890855
44348609
44348608
347318597
11890851
11890853
664473601
534049121
664473603
518714691
602008964
518714694
329609537
329609538
329609539
546869541
670355430
343846786
658894912
65908352
65908353
113189505
113189504
113189507
113189506
65908358
757985090
737289155
420203427
252864930
388294439
90458754
183410626
90458753
386922628
83526912
565956961
183410628
493860071
83526916
83526917
83526914
90458759
261406627
261406624
261406625
483058977
553647809
471502401
737788485
103083136
737788487
483058978
186654791
471502402
426853186
103083137
517450369
783858433
625549889
548724231
304467751
53723876
588053059
424316932
53723873
371970209
579472288
471502405
660883941
650462246
605560706
471502406
328131588
576368386
410222311
328131585
632404705
140006151
254742913
254742915
424690180
467659812
608074660
746588483
634879361
689108388
30670917
692854214
30670915
30670913
704874338
686025475
712678917
689810404
586348933
501984199
759628097
586463365
501984194
501984195
591320769
533624643
501984192
109348390
370813029
294882916
383478593
294882913
313243236
294882918
80107808
585107621
586463361
786269411
626276389
261867747
786269414
251803622
415282118
420170147
583291011
586463363
420170144
626276385
451440608
58225923
581985511
421238695
518614757
58225926
58225925
210962982
210962983
210962980
315647491
436133472
783949317
544941316
544941317
46181248
578168290
544941312
436133475
339545510
436133478
144067552
544941318
727598848
103161440
103161443
167038273
103161444
103161447
766062789
654121922
184980449
743340928
786637956
353104485
469296417
353104480
353104483
135818659
152991040
643409124
152991042
552253507
152991046
152991047
679791589
775731648
700798977
504425540
112006018
112006019
593321569
593321568
650390948
357648448
11633890
11633893
11633892
11633895
11633894
112006016
18940070
417117892
222022304
790449377
222022306
222022307
245380803
778752705
8307489
417117894
578655687
583291015
578655685
70447458
465232642
21803105
300896932
781703073
694187301
369433730
369433733
245380800
184737218
562963365
675673380
123003492
123003491
310627681
625752514
384993506
123003495
123003494
781703076
736886882
655069473
610802791
468172355
468172357
89643012
310627684
341613667
468172352
789862054
341613668
32031427
32031426
775804836
468172358
635779141
650390944
233124517
233124514
233124512
655695366
105211111
90059175
182566404
704757986
613511298
388837088
182566400
182566403
90059172
674884482
762934629
485073538
708826848
235988704
481798369
62457126
62457125
235988708
62457123
330905030
62457120
753906083
753906081
760475430
753906087
789860867
669522273
196543239
15900897
245633056
25081413
25081411
25081410
775804834
124057699
521234020
15900898
15900899
105029127
105029126
265542339
641901346
105029122
361281058
136250530
136250531
136250532
462771111
136250534
265542336
30971681
516769029
516769028
30971684
30971685
765015591
30971687
407514695
619933030
196686630
196686631
407514691
516769026
516769025
547706496
530516610
178635683
178635682
788098565
175410628
655069477
178635686
175410625
626509924
765574660
681161250
542589761
738261952
317281569
177744870
639122241
639122246
441037185
533226247
434293730
602220453
285752774
779388644
285752772
395454854
285752771
309009923
309009921
442902470
201355939
309009926
415161441
731395527
731395524
201355936
731395522
23097862
415161447
725105895
30486214
256089477
30486212
600663555
256089472
428857989
710458277
256089479
595755654
53087617
202470119
219043302
202470114
202470117
53087618
202470112
758267748
220288678
639714337
238325863
169731234
448839463
451144099
220288673
639714339
220288676
36052614
744180198
583471399
36052612
77449377
669958726
583471395
265076257
350539622
350539620
99845570
148488002
13611718
710458275
148488006
260361184
13611715
13611716
13611717
586305541
13611713
70817764
36962085
229587237
70817767
36962080
576567425
36962083
24501891
24501890
632937024
24501895
543479237
28040323
28040322
654458369
28040327
151548066
28040325
151548064
414300807
414300805
151548068
259797664
259797665
259797666
259797667
220396614
383910208
453844101
458455169
121638849
593189220
593189221
593189222
753609223
787257792
422975299
753609220
285286662
770992422
285286660
285286661
708445632
679043010
31758758
678051333
678051330
522159745
296972257
176144036
230639840
176412839
31758752
230639843
31758754
31758756
230639847
461627779
588616419
786637958
108594018
523578180
770603460
182420999
608989409
108594016
745176610
788609316
745176612
783318244
220706341
220706340
96002342
220706342
176412834
113783589
561436961
176412837
495511972
522720262
273803235
522720260
173946469
495511974
438486180
178920646
173946464
765735652
173946466
178920643
185509223
178920641
122770855
449152551
122770851
122770852
322596640
322596642
342502019
322596645
256971111
256971110
536429858
446423619
558958630
415454886
242328453
415454885
415454882
415454883
423189731
122428420
788715365
122428423
294623397
512748130
753044293
564542918
528294437
457771138
595676101
789099874
421078690
314786627
564542914
564542916
330674436
779329893
302871911
330674433
294623393
518312449
180557601
180557600
773940192
180557605
180557604
180557607
180557606
300930529
730012544
595676102
789099875
765962308
311669252
311669250
311669254
382214309
692610466
692610464
189081990
189081991
547149057
41189063
625046499
72677957
41189060
29708262
72677953
29708261
396754854
764635365
764635364
33762951
764635361
775625538
566026721
2605319
4718052
277035749
566026725
566026724
566026727
539076865
789860864
2605312
637955971
2605315
277035744
344245186
455939012
178552775
455939010
178552772
178552771
764383202
668504706
313593285
344245189
767299780
94809703
596365702
582015013
666129379
694389830
313875173
446417734
337749382
446417731
375033796
446417733
561420130
88011362
88011361
310461186
548320065
88011366
548320067
557628772
406021860
557628771
765638944
736641062
85483431
85483430
126470179
552124577
126470176
123261728
413955494
257739168
768643238
312213478
571946502
476610981
312213475
312213473
301755683
301755680
301755687
552124578
301755685
474722432
667803811
564834339
667803813
482292101
524186848
471047200
750341250
456726658
471047204
471047205
456726656
337819716
781152355
713397125
592123940
200835590
592123942
592123943
297416291
297416290
297416293
389147939
297416294
431384737
651498273
218932867
610869380
62499204
475749089
651498278
677219812
677219810
78852641
384628640
77651878
33809728
384628645
274136771
77651873
77651872
77651876
329835776
540176998
483677285
431384739
179145728
784210693
483677283
540176992
686104294
540176995
540176996
357182759
475489568
498317856
357182753
422785729
357182757
357182756
90845249
510878629
150331297
150331296
475820932
630523108
496199779
510878624
317008004
665527266
510878627
337500577
57894758
760510178
496715813
770928998
714439751
770928994
57894753
57894752
244095621
57894754
57894757
496715815
573556067
242178691
504304807
150592295
150592292
150592293
504304803
775975556
667183268
505392193
731459200
659389349
248649158
508643718
464955909
343382145
687501505
248649152
248649153
248649155
639847270
687501504
697255555
241307393
697255557
35896196
424539425
241307397
35896193
133033959
331787943
133033957
331787941
133033955
133033952
163833412
642867526
144937923
89923238
144937921
144937926
770559681
144937925
197178470
89923234
493659169
509590341
519515298
519515299
297709441
297709440
720665539
682247330
297709444
375812551
297709446
759117219
333013415
333013411
726462371
517923299
515091783
108039973
640838150
640838151
381272897
431379170
775975553
397462535
337086404
397462531
243613190
448989989
737535524
648010304
240056546
381272898
695176386
771691297
431379173
656627587
656627585
107541285
675947809
107541286
569382756
127497794
107541282
125178209
125178208
198503649
305259398
715406951
305259395
305259393
638743462
454612931
628151426
427112738
427112739
167378880
342270247
342270246
342270244
342270243
427112737
771141570
342270240
505392192
754850976
754850977
210893382
40744928
210893380
531307044
454329252
531307046
310589859
531307040
454329254
157862817
282150020
282150023
261096579
48015078
48015077
261096576
48015075
48015074
753696353
48015072
157862819
263666245
545226659
82829700
440111456
82829702
82829703
147636769
511060544
440111459
511060546
545226656
571783235
618830273
635970951
318310917
417467526
729985509
199524326
24261602
24261601
729985507
24261607
24261606
24261605
24261604
414679206
414679204
18451009
18451008
414679200
555707904
711119648
153892932
555707908
739975108
771674400
522551299
417963972
246290309
246290308
30998022
246290305
246290307
621913892
641432709
210620000
210620001
210620002
601364994
210620005
481803201
302957281
389795271
302957285
491087909
736209697
79423456
79423457
707363942
137363077
426469216
650773955
426469218
79423459
750951842
444053346
279974534
21525568
150002951
439549926
439549927
94405701
94405700
439549922
439549920
166277061
665497059
662281414
737794629
667497831
667497830
577196897
545071686
250062467
79744199
79744198
460957414
79744193
325374566
325374560
79744196
250062469
332798724
283066373
100133191
283066371
332798720
283066374
332798723
478486594
45177895
657939234
45177893
45177890
509752935
509752934
447745569
722183169
722183168
185375749
684396067
478486598
737527172
575439591
785294147
47294849
278917894
747454339
792253664
278917891
408939491
408939493
682487106
322239456
524145511
291349890
291349891
291349892
291349893
291349894
291349895
231047239
706543911
273389318
455141345
284234689
332910343
739139559
273389315
499000512
204152487
746978214
330520448
330520449
753213733
775975558
429825218
622063011
626111749
405631268
584299429
145518946
145518945
389879973
389879972
531038917
145518949
687573632
405631267
405631264
389879974
640733314
640733316
787876965
665497058
482474373
696502757
637472322
768448707
200192801
379834208
558965862
558965861
482474371
561573638
160709729
546307269
675597956
70490822
70490823
70490820
29564582
363141344
107482439
345642016
284987204
672226727
29564581
284987201
672226724
429825216
232607523
239406625
107482435
646370432
107482437
728083301
601471335
606845575
528107936
381194788
381194786
411317600
381194784
638118502
634001216
725366244
133580128
285632544
285632545
79749760
514112451
606845571
285632548
293769153
698155457
424783649
257614913
279518977
2925255
257614917
257614914
257614915
406484771
586317312
367006083
257614919
367006085
279518978
586317315
293769154
25204098
25204099
767532034
264454563
301002886
780514022
301002880
301002883
484183298
192244320
433304999
600130625
408406114
408406117
43864835
680282150
408406118
433304992
261552102
265806790
265806791
200423040
200423042
407286337
188669670
200423045
555662818
279702945
279702944
279702946
600192737
746978212
377736166
646693477
377736162
377736161
377736160
610840834
93210791
93210790
238019618
610840833
738076612
606558304
642677505
662984806
238019616
464955905
266579943
662984803
8593827
8593824
506559168
481437766
646693474
481437764
481437763
481437762
8593829
410521062
410521063
589896583
388425351
388425350
672558503
612160132
596942529
432407077
22654371
584572615
22654373
22654375
726938534
699819748
750144871
69911554
656798913
646370434
69911557
717386914
35151303
35151301
318035522
222439554
222439557
69911558
318035527
318035524
222439552
40683494
39191268
132362978
40683490
585999427
40683492
764520676
701435111
706626403
585999429
39191265
214118982
39191267
214118980
534517696
746730112
575272161
674049828
165931494
96723331
96723330
96723333
575272167
737820710
551105057
144445761
407409413
293750789
447137671
293750786
720368101
551105059
559218368
675999394
493740869
675999392
531250886
32013249
32013248
659380577
144445765
493740866
675999398
703051136
718916229
483918341
764520674
348421667
755500261
721453671
348421664
348421669
348421668
164893217
571445953
110697670
770497894
651701378
129469472
754988901
671397184
368275842
584572611
584500866
368275845
33755715
562221639
33755717
33755716
742020064
534960103
33755713
334085831
47837475
591974052
47837477
33755719
47837472
47837473
240138375
122633698
754988900
240138371
240138370
525657058
240138372
697911363
138124610
138124613
138124612
138124615
154445221
154445222
122633696
711210758
6024293
6024290
429006374
536764416
475601190
34061250
34061252
34061255
34061254
301176807
301176806
203077569
345624581
477081826
477081827
477081824
477081825
174725250
48381762
48381761
174725253
48381767
367223876
48381765
87327648
651111457
429006375
561797632
525358916
763674436
6271331
6271330
6271333
6271332
470549125
552816103
229698470
595515233
444590530
595515235
568331492
595515239
647587365
755445699
770158688
425642337
715589346
715589344
139907111
715589348
425642338
425642339
470549124
477596098
538743783
368341248
150214342
543445632
668398496
159848836
751027424
618110598
768878854
561573635
627330535
618110595
434184934
441067424
434184931
409351810
409351811
409351813
409351814
582283750
41523207
41523206
41523205
286043014
41523203
538218181
41523201
469903968
276080646
276080647
374267174
374267172
276080643
152754278
276080641
152754276
152754277
152754274
152754275
152754272
683347942
214995843
746102215
656879107
520450630
656879105
443413634
61112741
581053731
656879109
581053734
190475362
155431649
190475360
117131142
190475364
190475365
736568550
400709632
400709635
494042470
742851744
589839492
88618438
249589447
249589445
88618432
88618436
364973127
364973124
364973125
680300903
680300902
751970338
29291010
461851936
29291012
783014854
173328743
124842051
173328741
427411943
427411941
124842054
646693479
220721478
114249347
600785510
203418470
359425797
59209409
480642693
526634631
114249348
147562758
212916608
480795425
739323110
480795428
785064422
147562752
486458881
783992480
516767618
147562756
631012258
651415078
249649120
249649121
249649122
277537540
249649126
774394369
343871813
343871810
291155879
637930018
343871815
76432770
76432771
637930019
76432774
172268741
172268742
477570950
625706372
631012256
583161285
741872933
685196263
49554212
49554213
49554211
248870049
49554214
727809794
177366019
572807747
283626306
771040327
738879491
177366016
177366017
570449479
763004805
654027847
431726689
765735654
717445092
667328643
199784128
404610215
404610213
404610212
404610210
111387655
763004800
111387653
111387650
531124705
167256519
638223301
255871718
95049409
95049408
167256516
509962215
167256514
683020514
383196130
91243969
383196134
779950626
779950627
654027845
211153185
271554082
268428928
271554084
271554087
515049316
714002469
27336387
27336384
726967618
732401734
668896323
401357028
170944547
8777670
309502722
708034470
667202305
558127878
531319431
194877409
194877408
347203073
503081735
309502720
466112838
382051713
639636672
407140807
309502727
347203079
722104386
466112832
248339266
342606629
248339265
532221541
532221540
532221543
63881223
52251207
52251206
52251204
52251202
428325863
52251200
726648549
494371489
123820196
123820198
601867717
726648545
726648546
152118407
152118406
326565060
326565061
254830757
133704550
254830755
152118400
218405506
254654532
218405504
254654530
149285862
149285863
149285860
254654534
697855719
750026081
538070823
284227143
284227142
284227140
268697860
268697863
697855712
697855715
517554534
697855717
600472195
389784832
572643907
572643906
683494181
389784835
681264294
310532641
591216898
310532643
310532645
390669670
310532647
78507808
291373446
229017732
291373444
291373445
750694338
291373443
570816928
710981795
786487685
9194245
616931712
334425249
715711847
715711845
715711843
569294114
670837122
779128547
591216897
63989664
63989666
63989669
404550949
667406309
779128549
395794916
686549699
395794915
395794913
759984706
606153761
404550944
686549696
395794919
265935652
683020513
164046947
633470276
626572965
265935654
463620609
761138369
164046949
575504131
569302977
247656966
147071617
482182691
482182690
625055969
293741058
247656961
152817221
152817220
152817223
616784224
782855076
348496897
147071618
555026214
312020768
672721888
482952867
31183429
785342598
702231911
361943843
361943842
31183426
576066112
525366914
361943846
361943845
361943844
622092742
672759363
202215911
672759361
145121696
667406304
675167170
701708481
182545763
182545761
182545760
182545767
354038403
214056773
182545764
577154242
78913221
682076898
516225857
577154247
743917478
151386786
449052864
151386784
372097510
449052869
625742405
625742404
640269380
643528577
522034531
782575651
147685730
575647075
601683523
472627617
639686470
639686471
535466436
21447911
728878790
775210980
775210982
745862017
228268128
562141061
119274209
259521025
500681093
133011330
133011334
500681095
144386375
294674149
144386371
144386370
311526471
551616199
291223523
298916866
326475589
136820162
136820161
551616195
136820167
551616197
136820165
9710631
318361571
693204385
258269030
318361572
118139750
627149536
94322310
545270977
248935013
746306214
248935010
675636065
642011138
683020519
401357024
81840998
110425378
81840995
81840992
632103780
746306213
72416295
407391552
43661858
72416291
278808578
72416293
295673253
407391559
373696486
450289379
777531844
551400161
551400160
551400163
567218980
632103783
450289377
342719267
342719265
509597190
380974149
315079559
380974147
315079557
315079554
548024320
315079552
440622337
342719269
268000708
87277253
552057061
268000707
268000704
333085568
333085569
404753159
35840998
436949638
262931651
688030049
262931652
262931654
784619971
772657446
24235329
361804323
142942626
472166785
572083426
361804325
762764902
35840995
40260261
441407968
263190438
327792998
725169440
747878849
400069063
400069060
498116257
556765732
643622625
556765730
237218051
237218053
436114915
556299522
436114913
298789826
556285504
327792993
710895911
359928387
359928384
436949634
487762176
703552035
436949637
788613922
194903590
45061444
45061445
54950560
636341830
45061440
45061441
45061443
555758949
741316097
311358789
663383782
378323748
556285507
721681541
101175585
532135140
771707907
311358787
311358784
48898884
303881927
303881926
48898881
49545797
303881923
487191844
279441026
372890661
372890662
372890663
301394340
301394341
301394342
701047910
789232774
700392896
117228289
469766660
755964228
177648231
177648230
622424647
429872486
755964227
681598342
436608103
429872482
66820551
612045478
675415271
685208289
167021347
167021346
167021345
167021344
314410471
493543648
469300261
167021348
668378438
635808711
347318596
13434021
404753153
701002948
646242466
701002944
701002945
347318594
24600772
748780295
24600770
24600771
235898147
235898146
280379398
235898144
583170881
71783777
348480288
348480289
454065031
280379397
235898149
280379395
120620869
310156838
66769317
641936769
310156835
451072001
682217350
120620865
120620867
776160804
370778851
664473607
380411238
380411236
506510341
664473606
380411233
380411232
379860993
396993344
481474144
299395107
612045476
299395104
443200743
34421703
299395109
401497537
481474148
481474149
243223041
712105414
450991456
240344450
332549601
231024929
240344455
507488580
332549604
508133857
192727078
387413796
340930021
150597856
192727072
192727073
192727076
192727077
716854848
422597666
422597664
574232033
222470790
387413792
273584129
422597668
422597669
425471911
223844291
697334723
223844295
223844294
541022947
439572098
697334725
617112199
559876448
697334726
516651297
715641571
791413735
735189411
513513952
85314567
725169446
505148995
338696326
780963776
640848611
181775943
428414854
298845601
640840481
436805697
780963778
640840486
298845600
686708103
152378148
417152772
269483399
390705089
390705088
759687587
137441734
137441732
269483393
152378145
256609731
388294438
658853637
538216995
256609735
674534919
196079937
392088192
392088195
83526918
392088196
326721410
501676739
398100449
326721415
326721414
535007590
252864934
631494178
517632134
153625698
47061604
47061605
47061606
533582624
47061602
47061603
232485605
232485604
646670689
232485600
232485603
54148545
386922627
292945413
573583942
292945415
458399296
508874341
534051525
613552422
737861414
54148548
479151812
334580130
334580131
334580132
508874343
334580134
334580135
423049763
388294434
39643747
196638438
559099399
416580391
388294435
207677889
635317382
565956966
712064646
579426656
579426659
423049766
778355143
565956967
517753568
428414850
487286464
398749669
705356865
224684327
224684324
224684322
224684323
398749665
130703206
776234881
263481125
776234884
650737284
442578534
781247431
442578532
500991809
12873671
668888513
614994821
614994823
507786182
558000289
353177574
353177573
353177572
353177571
468246151
82793024
82793026
220412132
220412133
220412130
476507105
476507107
275195841
82793029
275195844
697846433
773470148
175667910
718223843
209485632
641783875
455733058
209485637
209485634
444348866
324534528
114038178
455733056
114038177
411938784
612729412
787160035
10930247
489479488
56373216
10930243
251477121
110909313
613249955
56373219
383048455
110909317
110909315
383048451
134996998
125067462
490840708
125067460
362198209
134996993
134996992
490840707
490840706
134996996
702876832
419788771
368730787
368730786
612335460
127076257
764990112
613249956
38734722
38734720
282313924
38734726
577961284
38734724
462667335
745131043
761850400
76947397
76947396
533719328
613650852
76947393
296308358
595574114
296308356
595574116
296308354
582467879
588053058
340546309
575463847
424316935
575463845
340546307
575463843
679493287
725668835
243019716
138362374
10481735
138362372
10481733
138362370
10481731
642867523
40589283
761850407
718182149
40589287
40589284
40589285
500729061
249680387
249680386
603620102
615777574
101543968
17245669
239460994
17245665
17245664
239460999
17245666
122615680
275754018
290555492
757865540
703910242
703910245
487926530
703910247
432921893
338734854
578518721
338734852
338734853
275754016
160944422
568021379
108372098
730602722
528621511
239339301
406627234
406627237
568021376
65022627
65022624
16631201
16631200
16631203
16631205
16631204
16631206
496182087
234123713
641062501
95006469
429746753
386189990
357049639
634078593
234123718
357049635
95006466
357049633
703798663
575788385
36821990
111854598
244846274
590987392
244846272
485903014
496061345
590987399
327025154
111854593
496061349
111854595
111854594
111854596
216598561
216598560
685896387
216598566
216598564
626811393
424690181
45910277
406139045
553442627
24045990
556894343
206707553
556894341
487250275
692418210
676373669
490122981
676373667
544607623
676373664
508854592
681876193
487250273
407252227
750024806
407252225
750024804
724767425
443182179
750024801
599358852
9196645
371608482
9196647
371608484
718290724
9196642
371608487
416005120
667444421
416005123
416005125
561496867
239514918
239514917
713318693
239514915
37119040
239514913
239514912
487464065
23197059
681876199
87089895
87089894
87089893
195115943
195115941
406139047
736600899
480498407
518158117
73635301
23197057
68513218
68513219
293113730
293113731
54172038
293113734
148456772
452616576
54172037
557213696
54172032
54172033
450946305
450946306
450946307
407517187
134255236
598404293
51535591
134255235
134255233
304393543
63536546
63536547
789901056
63536545
695685409
729452065
729452066
790207142
729452068
554900998
691799907
779543393
63536548
447508646
456210310
617474084
649292033
224441443
768622662
224441440
768622661
651450439
739800071
219923969
686079267
605177859
579046240
714856672
656917570
656917573
617474085
571609478
224441444
393116736
583897415
393116739
571609476
654267877
287380768
786210016
571609473
498121413
498121412
498121411
498121410
753870369
193446628
193446627
193446624
498792962
448724260
583897411
406139043
500707328
599825346
389547200
522221409
753884134
712528707
599825348
599825349
750187969
598821028
182316579
651450432
387006465
787521409
387006467
689916134
617720611
744326181
389547204
422454566
499176455
598821026
651450434
331912647
398606754
398606757
398606756
301620641
163510564
301620643
451507363
315063300
301620644
315063303
383072167
37752193
290243360
290243361
37752196
37752197
290243364
37752195
534545799
534545798
37752199
572853792
42065830
279548134
788715361
520972960
780713058
279548131
279548132
246349668
246349667
119693826
246349665
606137446
648523778
21613831
702876835
573905217
573905216
781672801
291790181
718677380
583295172
512119782
512119781
440864544
234269216
62417349
495525413
62417347
62417345
788193442
648523777
671216007
139891587
55080259
287514945
139891584
511130305
511130307
257091651
257091652
781672807
257091654
257091655
287514948
659514788
8014757
612666086
423473828
612666080
8014753
300601795
300601794
145260449
233917920
300601799
72856832
100330631
72856834
446818721
72856836
163406629
494151904
494151905
174875845
174875847
494151909
174875840
174875843
728897539
423312994
410237824
423312997
455121475
423312993
455121478
256099463
497159815
256099461
655610178
497159812
219394562
125496834
125496837
125496836
391959395
219394565
352965607
352965606
443238913
352965604
125496839
125496838
443238917
367182625
336484225
344172581
336484227
417900416
649361665
118524097
163825542
118524099
573949797
556597317
417900419
336484228
455852135
614378534
351239911
216953249
216953248
62837349
189432131
614603809
189432133
62837344
62837347
572836130
108267426
767370755
767370757
461618564
39146951
653181217
297921764
297921765
767370759
297921762
297921763
590953607
229804288
572836134
148193351
148193350
98234662
98234663
98234660
545473570
756778016
466906853
507050437
76703367
76703364
507050434
76703362
76703363
76703361
681650853
681650850
414729441
198067555
414729447
414729444
219023939
629567940
434905252
582453824
424761735
679553091
742730753
482794598
654952899
304552454
396727748
396727749
304552451
296606050
296606053
190135812
729331203
606688930
729331206
736600897
396727745
261670881
67589798
261670883
261670882
651446560
736614855
261670886
477187040
583384322
583384321
67589792
67589795
583384325
441500737
263683872
634389568
463957191
463957190
263683876
263683877
251832930
426280103
426280100
251832933
251832934
465516866
335940355
266266465
543477542
335940356
570094084
570094085
570094086
298843458
329474983
329474981
329474980
168737122
350481766
545006593
350481764
353470915
545006597
168737125
267106177
708126434
290050854
171097414
290050852
410274727
410274724
290050851
601916704
566192804
558735522
777301063
331518247
787222565
658893507
601916709
591815110
632904770
331518245
549020709
448151936
448151937
549020706
316589249
582731969
488102470
711696901
230995522
230995524
444513445
206608007
353062883
206608005
152739014
152739013
206608001
152739010
555259015
768871719
535494176
555259010
555259013
562411524
768871713
666015781
768871717
712646625
715747778
568072902
578392322
619323138
759061057
770027750
66326368
521511942
521511941
41570978
762638240
91941063
294629986
739463717
41570976
739463713
418419108
372228711
372228710
673883843
343337797
679737795
715131687
641310049
309119461
309119462
340573991
340573990
641300197
641300196
706701217
447149826
641300192
259507680
259507683
259507682
259507684
721140705
39539971
418419106
740136228
233908871
632438439
740136224
632438437
591388614
632438435
632438432
410316354
410316356
410316357
178453731
410316352
449920929
535255233
744213184
502261379
410316358
261991303
261991300
441429346
441429347
441429344
371360608
65731110
377910533
769206469
441429349
435117731
435117732
435117733
601677895
72478438
145803879
145803878
530718338
140305409
611229253
145803876
72478435
145803872
737007111
662855653
723985986
376357475
720997509
725668833
194869571
376357473
376357472
737130273
615426499
189840610
376357478
189840612
189840613
295601952
149505702
157757091
295601956
295601954
157757095
740363361
295601958
109712134
481491200
109712132
740363367
109712130
769843495
212620229
579851936
586741319
586741314
586741315
579851938
398963169
489361219
212620227
212620224
140519271
72357701
753787522
639325185
693661925
3476869
505851200
3476866
481028935
3476864
167414501
167414503
639325189
347324226
725326721
536455936
157908065
579751265
157908067
157908066
157908069
524739072
790382753
376143649
536455938
347324229
643539041
149326919
93160550
752309383
54332420
54332423
683016871
139889991
149326917
149326914
180563682
180563683
186108609
180563681
180563686
180563687
180563685
24116645
688123684
246176996
484157287
24116641
24116642
322901671
128778819
215014304
18012390
644619873
249797189
249797186
498696866
656745221
128778816
23756357
480716704
253563650
407818725
23756353
370966882
407818720
253563655
578222245
578222247
757280678
143282209
496189984
496189987
496189986
652325569
98332419
480716707
456139008
578995591
392450948
392450945
392450944
622038310
98332416
459903264
492304101
73938913
646471107
11200226
573703009
11200228
11200229
291671874
470295681
291671872
256519622
652325568
256519620
756855746
562895974
506578661
237199396
562895970
562895971
576938146
76569699
576938144
73938917
121368391
731223328
715747777
630483300
611351488
136327136
381293888
559580453
144336004
35884742
144336006
473092641
668841350
566718722
522311014
705425344
259322279
705425346
522311010
522311012
336072388
336072387
55941731
336072385
336072384
55941735
259322274
767398594
325216258
738770018
56801508
692780738
692991424
692991427
559580455
180049124
56801506
325216257
56801504
668495879
459991140
692627653
379467746
46812162
44107908
627610791
627610790
489686336
163744551
44107906
44107905
379467749
560540737
694650464
758691652
291967617
498869409
44413474
560540739
154852773
154852771
584349120
584349123
31916032
31916035
528701698
31916037
165189057
541513281
4080132
4080131
528701696
662463588
4080134
703125348
7852166
7852167
7852160
641509093
7852162
7852163
607056613
446127264
455455427
455455424
130169506
548432711
130169504
726868519
152362786
222022309
355607942
663489415
663489412
149133889
130169508
589663303
168610534
505431461
168610531
168610530
1758369
357227587
453663394
135722374
135722373
766656866
135722371
677572775
519879623
103352999
103352998
21678338
354166919
677572773
103352993
103352992
354166916
21678337
103352997
425080898
354166912
607299203
444032354
444032355
444032356
745522693
116990278
55809347
444032352
55809345
598732933
116990275
55809348
565321991
651570245
444032359
598732935
116990273
336608230
336608231
95985986
432405542
688458374
381092130
62910209
95985989
536736423
151135971
151135973
341863267
151135974
74204928
326230723
326230720
769361411
341863268
682758593
326230725
90198980
147676100
90198982
90198983
72442144
72442145
702596451
25431079
25431076
247411106
25431074
247411104
25431072
559301031
614222660
347796483
347796480
347796487
542265671
625291426
539735488
203595011
333450563
369433734
528688676
528688675
515834821
124451746
124451744
546189990
546985252
124451748
691251622
9848707
208422368
648587398
604880677
176608739
176608738
402428737
635047488
235131236
780562503
228076897
176608736
41881543
559077539
41881541
41881540
196042085
196042084
541754177
131572517
131572513
514389700
79381282
741478240
437105351
79381286
632585894
404635972
404635970
726045216
653110276
404635974
265647461
265647460
265647463
301916545
546985250
745833024
412218373
301916548
301916549
548075841
412218372
177482373
3774336
177482371
3774338
3774339
631160647
504079521
24128353
24128356
92111749
24128354
92111746
695421856
710936611
147241857
504079526
191061313
191061316
191061314
403594884
403594885
191061319
191061318
403594882
726045219
190321124
317477669
190321126
468172356
190321121
190321122
283503680
544685602
706121184
283503684
317477666
283503687
675839907
675839904
604295649
684808707
607952486
675839909
251899234
412980226
442286722
251899237
86747682
251899232
483521766
321863143
570429633
412980229
13340901
513578848
179098727
775382177
414707589
315090976
254182342
315090978
321863140
716394241
108918563
429002019
429002018
186706016
186706017
752307715
751204481
509938182
676452964
69258982
108918565
592156961
789862053
186706019
359030951
179518630
66136737
517317444
108918567
577908324
577908325
153683361
577908327
577908322
213480738
204505124
204505125
170350209
204505127
204505121
204505122
204505123
544461315
563016454
639066785
767369511
563016450
455340866
563016452
688946660
592536644
540792931
521631073
225276199
457913031
587092069
225276195
587092067
225276197
542108802
225276192
127749991
42891491
639784038
278500423
57034657
42891495
42891494
190229858
141144130
406589668
539444772
141144134
449411015
449411014
486383205
449411010
486383207
449411012
654862309
252105891
686407815
252105893
374296391
388396901
428422050
457797891
335290082
304565219
335290084
266134816
335290086
455936513
266134819
304565217
233124519
455936516
479260418
112986246
112986244
648258247
137872454
137872455
31097666
31097668
644155431
745017541
428422055
588333344
588333346
43145925
580743428
419000902
582622880
529354149
517333409
588333349
419000903
114432932
66413795
26543426
84876451
140923079
503757894
114432934
66413793
140923074
507991489
26543428
65123171
753986630
140923072
673064258
460424992
14543296
14543297
752268516
460424996
611036935
239985668
582866565
239985665
239985664
14543299
741289218
228692736
485907872
654862306
641542471
542108806
140964771
498954278
753986631
218968769
228692739
99704869
590881382
527011430
626781636
85433763
626781634
85433761
626781632
85433767
85433765
93942049
472410369
717135778
237095459
735908293
80605122
237095456
237095457
373267296
742979553
112550851
393386531
687063206
373267297
393386535
504080929
22486851
787257794
385543524
443043783
385543522
202823204
532533698
202823207
587540803
202823203
71342340
57426311
582622884
143233061
580125505
1637798
535043271
634362115
1637795
1637793
10720231
506281029
159717543
159717540
780553255
28639398
28639399
28639395
724621222
28639392
506281026
255183366
255183367
309100226
274322310
109590946
255183363
109590944
710005090
433136355
536519361
503272837
309100229
433136353
315129312
353029824
353029826
499433926
315129317
315129314
684728324
460550917
170556832
460550915
315129319
460550913
353029828
301928071
301928070
766167680
582957764
719339427
124057697
719339425
659048932
607817030
724390245
291055047
87456870
291055045
120558564
120558563
154647169
265316769
120558560
636677988
363499459
582622887
740259238
170879558
708540901
62439522
12149700
12149701
62439527
590869344
62439525
590869346
252031810
752354149
252031814
206356675
25024225
225894048
25024227
238999457
780306916
721809893
29965729
25024229
247004359
565115265
382055266
382055267
745718311
237248097
656346788
158173762
677503588
237248098
321207750
382055269
82734624
509991008
82734626
611623652
104906438
104906439
539320007
509991009
104906434
562887009
104906436
349928197
708540903
82734629
349928192
104906433
111832002
574421667
577019141
111832006
111832005
163376321
96081381
96081380
126709541
126709540
37203014
466146948
175966465
417962278
175966467
134207522
721349990
134207526
664481792
266506756
391388641
660148642
175966469
391388646
582957760
391388644
198892166
306986083
198892164
789360448
158176230
198892161
184785537
741402247
32951014
68849543
560125348
673064256
466146947
32951013
195136838
411524356
781290823
411524354
297536165
297536162
297536163
297536160
297536161
381715301
265542337
101365798
520459271
778231684
700459686
335946753
587110627
310588359
466014022
466014023
245595908
245595909
245595906
245595907
189291684
587110629
18846501
490337895
18846503
347850215
716998624
439548224
439548225
347850211
643125863
726049511
517867941
692798983
716212291
575269253
716998628
439548228
438024928
505879650
324147495
450447328
505879653
616120704
505879655
616120707
682027235
547895171
580743425
275698981
518694276
483468390
614181510
614181511
227892741
31634215
31634211
788740135
31634213
197606053
442671264
197606051
765267747
541113925
214288546
197606055
397107463
192886689
447361125
214288549
214288548
442671269
750506912
560646051
750506916
67567138
750506914
253831142
253831140
67567136
238743590
412490016
609338496
520956420
214570055
703439558
530597984
214570052
695705473
32439524
32439526
32439521
754356545
439938
722722178
749760928
420569765
470857830
290072230
162201031
279975237
199932482
199932483
751595364
199932485
751595366
199932487
132279938
667058497
330523142
330523140
330523141
472198246
159897954
472198243
472198240
132279936
542940773
528643682
460365856
542940770
773726276
528643685
279288389
420129764
279288387
279288384
465076930
420129760
365767169
465076935
465076934
385248867
467302885
168291879
100543330
8346535
168291874
100543334
168291872
8346532
614814311
672350215
202151362
202151365
476252643
509753636
775606531
713193537
725536320
559341701
639122243
787260130
412488098
792166852
511071299
261480673
412488097
215087776
640273990
440627271
353099137
342592453
676804580
676804583
261480678
420948167
445699556
508207618
445699553
301467078
688944065
16317765
322895110
680113410
741763431
445699559
662508678
217555744
217555747
217555746
700238753
168411171
559908678
168411173
662508677
434293732
662508675
562636422
50010950
211060802
211060800
211060807
211060806
658640835
211060804
511071297
146293990
625378401
643910627
643910624
511071296
381505345
381505346
640633509
52908418
381505349
401298951
600254566
193201696
348765508
68531584
559230791
68531587
341195271
341195270
446241735
89739620
193201699
348765504
120867108
331773123
331773120
145821252
331773126
627143429
719448423
719448421
748103042
120867105
667208513
770650273
357347872
357347877
197670788
494896257
205044128
197670784
197670785
780532994
640633507
216209601
473927590
598722625
356997062
216209604
507151138
216209606
271331811
640633505
677503587
258341344
158554593
158554592
158554597
158554595
372622371
372622373
158554598
564777351
415161444
239602374
570706944
239602371
239602370
239602373
760704038
617941057
407833252
767829125
401607394
401607393
601615463
420414565
420414564
420414567
516727332
420414561
424857575
403132673
666883488
666883489
35311815
424857573
716624609
598722629
274386306
274386307
736047360
775944964
492274983
424857571
35311810
126416900
700175143
278934912
27493440
600663558
178750087
306174758
178750080
178750083
790382759
306174754
240316193
460008260
722244419
767829127
348335490
134373472
633987747
348335493
134373477
348335495
101472263
153144133
134373479
506929765
699987168
506929767
506929766
168679651
452602375
635628482
168679654
457247009
452602372
736047362
603482432
666599047
734290598
106590151
225357441
487719203
225357443
427895715
225357445
225357444
225357447
480174983
231293472
231293474
427895718
231293477
743842785
758267744
620990018
149979847
149979844
149979845
149979842
149979843
149979841
471880389
2450787
2450784
314191074
2450789
471880386
471880384
471880385
579617061
371082369
507948672
470042983
470042981
470042980
744972359
283901378
540121060
783250055
542330400
567575909
430899458
349226017
668274819
669959361
668274816
176996258
176996259
567575907
41297027
567575905
567575904
772484517
669959363
684728327
209839489
422566886
296910023
422566884
296910021
422566882
642234245
783250054
422566881
369225730
238325860
766869539
379144802
369225734
369225735
379144807
320591365
72875396
72875394
635628486
681044933
272685571
2921253
37594406
2921251
37594400
37594401
177578817
37594403
591501959
177578818
657539713
96507461
70749510
733979523
421187170
66875747
699987169
538434176
310058023
310058020
310058021
668910787
662038945
475588421
750834949
79722080
582673252
582673255
785299041
458030114
110398339
110398338
479609186
461354567
717272418
258855462
17967461
479609189
479609188
110398337
450230532
450230530
762217221
450230535
739924675
654236802
371718246
371718247
371718240
371718241
371718242
371718243
47956740
714544933
763418310
528940129
461354566
583374689
583374688
568902916
568902912
207636353
78143239
84806023
207636357
257020224
207636355
439438849
277573984
277573987
78143233
352432165
78143235
629459073
629459072
760704033
570860774
629459075
36595685
305083969
697950275
629459079
583471398
36595686
534067840
40562850
40562852
40562855
61479456
61479457
61479458
254489701
254489703
142528739
611906631
674240614
337702432
396744421
375633089
337702436
546215751
791017188
378725120
303571362
337702438
337702439
303571367
606775526
378725126
127692931
129374852
129374853
129374850
515853093
129374854
538530466
567809828
126738791
633818944
91280837
111511783
619663139
624493986
624493988
484336386
619663136
602459747
588341537
84796065
51004455
51004454
126220608
126220609
51004451
228928002
83181891
148488004
697160193
310763109
743527782
446295971
743527780
654949058
520632096
358111460
358111461
413797639
206963557
206963556
206963554
206963553
413797632
549837382
98091008
180961442
526856033
180961440
548040964
180961446
548040961
526856035
613021728
526856038
760704037
570860770
604399298
626940903
575041284
260361187
677862370
721439301
92002311
104363012
277627905
648665347
277627907
777795879
575030566
197422849
202140291
118421824
705897251
202140294
413577094
413577092
279409248
462747975
778709920
229587235
641302913
788009312
688356674
679389671
655776611
655776612
655776614
725287749
443660385
570860772
474698214
252074371
399618535
81460289
240835940
172809826
124766657
172809824
550614151
787736870
787736871
316869606
70817763
316869600
316869601
40774661
502784803
431370208
643878471
502784800
502784807
399618531
770886722
43778535
342734689
776856803
762103591
30043808
43778530
43778533
43778532
761302438
38105063
384348902
384348903
384348900
38105062
229587239
501188034
557180740
38105061
97918178
97918179
357299301
592409218
485634244
638765316
532147843
38208640
625316100
519991040
163926945
485634242
259797668
163926944
378545825
625368198
378545827
414739495
378545828
43020928
725878883
648338372
692634819
514041794
37194817
615498373
675597479
15295426
788662273
15295428
452006338
675597477
316518373
316518372
675597473
414739491
555666562
762172551
20034948
605139137
555666565
555666564
673584455
20034945
603994533
414739493
761366208
16144417
638765314
605139139
560600609
299781858
440880836
653699972
440880838
118112771
299781856
623996485
45309766
45309767
45309764
673229890
45309762
45309760
279964870
88512931
88512933
50294501
50294503
414300802
452983685
63248775
731901794
500536935
731901792
731901793
425533863
747228672
414300800
628267648
113532737
787337218
779237667
580809283
665249446
444234406
603994531
473485063
500536931
233715811
615082693
233715813
615082691
783108644
655911872
713214147
667295972
665249443
667295970
576960293
659443750
576960290
577660966
389494471
389494470
584174470
199315777
199315776
659308261
338672001
199315779
199315778
338672004
556425600
338672006
574301476
624937316
624937317
328650023
474275270
190877444
643394308
190877441
372492321
700836035
673584451
180520452
372492320
558991239
315534725
520627748
636950498
638573477
282547363
441890917
376309635
441890915
376309637
441890913
282547360
472002210
657142118
651431429
372492324
692964609
376309639
714188517
441890918
229775428
20163424
43863719
20163426
651149859
651149856
20163429
43863717
229775426
43863713
534067847
112825473
710402944
710402945
776932198
675352323
589945987
450905669
673584453
524663522
402443780
390585031
1351392
473779136
1351394
1351396
1351399
524663524
38993061
402443782
190500711
763590820
77582471
422975297
260256645
245741827
260256640
245741825
227873989
245741828
640894980
599534470
178088162
178088163
178088160
487284546
395170791
707806662
178088165
612749606
369904743
339243334
487284549
609948992
177816997
177816996
275102246
275102247
177816993
222154755
275102242
275102243
429469252
746899616
167857156
522159746
557402693
601671014
519991046
499985701
601671013
335158369
433158531
619074374
433158533
433158532
727616576
433158534
78215844
594556322
589081698
594556326
45725729
2465
528418052
420303329
39107204
39107205
78937572
593694372
621270563
360823141
2468
430650342
248298566
248298564
348358599
248298561
259222534
84258977
551132834
143079654
105647298
230639842
143079650
348358593
285137348
285137349
437141184
763242848
618245700
291253701
238708711
534067844
726524614
102890660
329934119
333084262
285137347
196312450
760771109
77373191
196312453
375944549
375944544
375944545
233041893
233041892
233041895
143222660
760771106
705259303
650808132
55543908
379348454
109341060
55543906
535583047
379348452
636207043
42203461
232846310
767259751
405393441
405393442
405393444
405393446
52835618
52835619
596044770
168409442
639208803
711619012
418177570
52835616
52835617
674067654
159270886
124190950
159270883
636207045
159270881
301555200
48623714
48623717
299361473
301555204
299361475
48623713
299361477
608507398
210039014
210039013
404983040
210039011
631901344
558899969
631901346
631901347
608507394
286548128
469705826
638967491
614983974
638308452
373963079
697577031
614983971
117884709
373963073
373963072
538855781
117884708
766541478
770494944
547604390
680497313
147060999
539747751
342091429
15991430
764776768
374735299
374735297
456799811
601204869
456799814
342091426
342091427
378211173
378211172
378211171
667110883
276304737
119225668
378211175
378211174
210189795
119225666
776333185
608758789
210189792
328821571
469985089
380506308
328821574
104897349
714230722
104897347
444933665
104897345
489043334
100529859
100529858
146155045
489043330
713098983
72950020
511129671
541276229
476623587
476623584
582687683
173278502
567961761
173278500
114359586
114359589
114359588
168743941
272969474
779116293
278855360
278855363
779116290
110391040
405921540
110391043
709078439
110391046
725386850
737945959
683180134
683180132
709078433
709078432
585923334
542611136
272969479
686004516
624356196
604518690
555601986
542611138
542611139
678846017
604518695
593721702
168743943
775653639
248743141
711751168
585923331
596825857
775653633
659411588
585923330
278855367
647902464
740544386
760227043
278855366
271712038
271712039
639513729
580020327
665692484
271712035
784210691
271712032
271712033
264806656
294235237
136359783
136359782
136359781
211635520
211635523
546998338
211635526
264806659
197671297
207134690
207134693
578313894
420203426
488775617
420203424
565652071
636468486
420203429
343846788
448353218
634879363
119326339
668866753
717271201
428278855
261867749
422994658
370813026
422994656
16201702
16201701
16201700
133744898
133744899
608513990
273470752
273470753
433704935
380749510
468721508
273470755
324959463
758083777
273470758
324959460
577223680
310627682
310627683
310627681
115015813
310627687
115015810
787992707
74006848
633837573
184737217
686004512
633837570
695797953
665692481
736276868
411034277
142458786
756000736
530516611
1341796
1341797
542589767
530516615
1341792
1341793
452636898
452636899
642867524
722400741
233670566
233670564
761122786
233670561
452636897
675097286
193483171
193483173
260424230
260424231
355549568
222423493
624356192
773940199
110838882
449757959
449757958
463872867
732663361
449757955
463872864
449757953
707588386
773940192
666129376
631801446
55162977
631801440
375294017
631801442
390707808
584484193
343418851
375294019
343418855
584484195
705232390
624356198
562491907
427896805
427896803
604518692
427896801
218898531
604518693
246049507
246049506
246049504
622342822
29333698
256098369
92271456
92271457
710591015
562963361
635072038
508643717
92271459
508643714
142564102
142564103
749425124
547742919
431379174
628151428
628151429
628151427
489817543
547742915
570261252
210775393
582872417
210775397
210775396
135618656
172919110
351368608
135618657
443741570
443741571
444053344
443741573
443741574
744281542
744281540
744281541
699112707
507609794
444053349
507609795
137111975
143824609
775653632
724222083
716750498
641492455
195552736
724222085
205976993
134088320
264454565
261552101
466512898
639976768
264454560
77546946
77546947
142658789
481711808
450180930
2920743
24785445
560922498
2920740
24785440
24785442
77546949
71344935
71344934
729330500
71344931
71344930
760227040
125497735
402885319
125497731
125497730
755500260
722655554
644290144
644290147
211831712
103581861
103581860
211831717
211831716
229156101
211831718
229156103
345624581
644290149
746811879
363430726
481861863
552816101
481861860
770638118
581296901
258856736
258856738
192211648
724323237
128245766
455358529
128245764
128245765
128245762
128245760
243453126
760543397
546551749
664293411
525512996
643128388
316745094
123226465
450407621
316745090
123226466
558540354
688516228
657913824
598192103
25414983
25414981
689983142
148714790
283390150
754547302
498039042
595755650
498039041
56818210
498039044
56818212
593621376
272816097
300508869
625768256
300508867
658551842
752300260
272816099
472549251
315412578
11074917
403031748
698075460
11074914
403031745
165714465
403031746
315412576
446388582
620196768
360267431
516641959
165714467
516641953
446388580
516641956
481082563
516641954
373696481
373696480
373696483
481082562
698089955
373696484
698089956
525512993
200198660
638287750
151984768
255096421
249617509
436949638
762967682
779412422
327792998
73194277
73194274
73194273
436949634
249617507
249617506
646160997
347318598
575893543
525512992
11890854
498082851
44348609
211635527
604302471
11890852
546869543
464082343
207134691
160240288
420088103
664473605
602008964
518714695
329609539
737289158
343846786
658894912
768448709
475559239
113189504
65908356
113189506
65908359
518614752
534049124
388294438
90458757
90458755
252864934
183410627
183410624
83526913
183410628
183410629
388294434
83526917
388294436
388294437
261406626
261406627
261406625
483058976
248663906
737788485
103083136
790116132
541326470
426853185
737788483
426853187
548724230
616400448
471502403
87493602
588053056
521220743
53723877
467659813
424316933
53723874
53723873
741283108
624617314
421850400
757985092
328131589
328131587
10510689
103083138
140006150
140006151
254742913
254742912
254742914
254742917
424690182
686104292
671691328
366634437
419885315
30670914
30670912
30670913
93369986
531772676
608074663
30670918
717271207
586463364
634879365
759628097
746588482
422994659
501984192
501984193
294882914
500531137
294882916
294882917
294882912
370813028
586463360
693988452
519057540
509700544
261867746
383478595
786269410
485117829
712351648
80107809
646160999
415282118
315647495
451440609
586463363
626276387
420170144
626276384
58225922
581985511
420170145
58225924
210962983
210962981
469296419
544941314
544941317
46181248
436133477
436133474
436133475
339545511
436133478
436133479
661389094
727598848
103161440
233908871
103161446
755816391
537584003
74424611
548371430
469296417
353104481
700798978
353104483
353104482
152991041
152991043
152991045
152991047
758083776
775731649
485117827
684983362
606779207
786637957
650390949
72485154
417117890
11633891
11633893
11633892
417117893
112006017
543016004
679791588
222022304
412619812
222022308
606779204
679749728
670734944
8307489
8307488
578655687
578655686
70447459
578655684
578655682
578655680
369433731
183914848
694187303
245380800
369433735
70447456
648689223
543016001
675673380
123003492
675673382
123003490
720630502
123003494
781703076
384993507
130241987
468172355
89643010
89643013
757070752
89643015
32031428
47832676
341613666
426871746
32031424
310627685
693988454
650390944
233124516
233124517
779388640
233124512
233124513
105211111
105211110
182566405
90059174
182566406
182566401
90059170
90059173
182566402
474736519
485073539
627663648
481798369
650638342
62457124
62457123
62457121
330905031
599800262
777985509
753906087
753906086
753906085
686224448
721145446
768115360
763866757
634159749
15900896
25081415
25081412
25081410
124057699
245633058
15900899
509991009
105029125
265542338
105029123
361281059
184785536
136250531
466146947
136250534
136250535
605560709
695797957
30971680
547895174
30971683
30971686
407514695
599922278
196686630
196686631
516769026
407514693
110267591
178635681
770720417
178635682
175410629
661448960
542589762
683017154
175410624
175410626
672497888
542589761
495813666
639122242
639122240
511071298
780002054
639122247
445715457
156962469
602220452
434293731
285752774
353392263
285752772
511071296
285752770
285752771
704310183
309009920
309009927
201355938
309009925
415161441
38233892
415161443
201355936
23097863
23097862
731395520
23097860
256089475
424857574
30486212
30486213
424857571
424857570
562695654
600663559
256089478
219043303
53087616
640452513
202470118
608822851
202470114
202470115
714574336
202470117
53087618
202470112
202470113
775804838
220288679
639714337
639714336
451144097
625752513
169731234
220288672
220288673
220288674
639714338
220288677
36052615
36052614
647113062
744180198
36052611
265076256
36052612
583471397
77449376
534471750
350539622
350539623
350539620
148488000
260361188
13611719
148488007
13611714
260361185
13611716
13611717
586305541
586305540
13611712
586305542
36962084
70817765
229587237
36962087
36962080
36962081
70817762
36962083
24501892
229587239
24501894
259797669
28040321
586348930
28040327
151548066
151548065
28040324
414300806
151548068
414300802
133909091
259797667
498843109
696647012
47832679
738261953
383910208
453844100
463601952
458455169
454374565
395639073
593189223
753609223
749425122
422975298
285286663
285286661
667287492
738850053
608822855
678051332
31758759
47832678
696647014
678051334
296972256
230639840
596561986
763242849
31758754
31758755
31758756
31758757
558955425
788609319
788609318
108594019
745176615
108594016
783318247
446423617
661389091
729681316
220706341
96002341
761220323
96002343
675183300
546508257
576232643
495511972
399940518
395639078
273803233
173946468
438486181
173946465
178920647
173946467
178920645
178920642
185509220
185509222
483951169
449152550
658753248
176412833
122770853
523690176
322596641
322596642
322596643
779295910
322596645
322596646
528294439
536429859
788471328
463872869
697225991
295261379
623300452
677271622
468808614
415454883
415454880
415454881
122428421
122428422
122428423
564542919
661253188
773940196
730012545
627324743
627324740
627324741
421078690
744118146
564542912
564542915
564542914
564542917
421078691
330674436
302871910
790912002
330674433
330674432
180557601
166604230
180557603
180557602
180557605
512748131
180557607
780838693
300930529
300930528
789099875
750230151
651091139
311669253
311669250
248137383
311669254
311669255
585566050
547149059
674749572
692610467
692610464
523578181
41189063
72677954
41189061
72677956
29708262
29708263
29708260
29708261
396754855
32940423
750341254
33762951
33762950
337385216
2605318
4718051
277035749
4718054
566026726
570896928
2605314
277035747
455939012
344245184
178552774
178552773
178552770
764383202
282452611
344245189
767299780
313875172
767299782
313593284
764383200
191005383
337749380
337749383
666129378
446417731
191005380
446417733
423269248
735453861
88011362
88011360
88011367
548320064
88011364
548320069
721974180
557628770
561420132
678177984
557628774
765638944
770940229
299014981
375033792
753044292
126470178
126470177
123261728
721974183
789099879
434723776
257739168
685815750
348036741
312213478
312213479
587629287
312213474
501446823
312213477
694110209
312213472
301755682
301755683
264293603
621333057
301755686
594440576
482292102
474722432
667803811
38233891
621333058
685815751
471047202
482292100
471047206
456726659
746161539
456726656
456726657
775325154
736641060
708112898
473576290
688495169
592123940
200835590
474722433
78852645
610869382
457464864
297416295
62499202
610869383
770559680
78852647
651498277
778663173
165010048
165010049
353534723
475749089
475749088
677219810
330126791
475199585
77651879
77651878
274136772
384628645
274136770
384628647
77651873
77651872
353534720
77651877
77651875
77651874
483677284
540176999
483677286
691638850
179145729
678177988
483677282
483677283
558955429
540176993
540176994
540176995
540176996
759643078
122896550
263147171
357182758
475489569
475489568
498317857
357182753
357182752
422785729
357182757
357182755
90845249
510878629
678177989
150331296
766598055
637404258
150331298
665527264
510878625
665527267
57894759
57894758
760510178
14652711
762392096
770928994
575208609
770928996
57894752
57894755
244095620
57894757
244095622
242178690
504304804
242178692
150592292
150592293
424539424
150592291
625457090
659389348
248649158
508643718
511970597
248649153
636654149
248649156
674959462
241307392
35896194
650134375
665890021
35896192
331787943
133033957
133033954
241307399
737945954
35896198
688138274
144937922
561252003
144937920
89923239
144937927
144937924
89923232
89923233
695351556
525270726
89923236
670778113
493659168
493659169
660884000
775975554
511683335
519515297
297709442
297709444
682247332
508643716
46366919
333013415
88018951
333013413
761109286
513130630
435239715
663476416
640838150
381272897
381272896
397462534
507644705
397462532
397462533
397462530
448989987
448989988
243613191
737535522
718644871
737535526
381272898
546307265
656627586
718493120
656627584
517923298
107541285
107541284
107541286
107541280
107541283
125178209
305259399
198503648
305259397
715406951
305259394
305259393
770259522
427112738
638743463
342270245
427112736
342270242
342270240
754850976
210893383
310589857
40744928
40744929
454329253
454329252
310589858
454329250
531307040
680460609
454329255
547742917
282150021
157862816
685155813
282150022
48015078
263666242
48015076
263666240
637404257
263666247
263666244
254400098
735430978
571783239
545226659
82829700
82829701
82829703
511060545
618830275
511060547
511060546
545226656
571783236
618830272
571783234
635970951
729985508
729985509
199524327
24261601
24261600
24261607
24261606
24261604
414679206
414679207
414679204
103764065
414679202
18451008
414679201
711119648
153892932
555707909
153892930
153892934
417963971
417963972
246290309
30998020
630523107
246290305
246290304
759643076
210620000
481803206
210620002
210620003
185592391
185592390
210620006
210620007
389795271
302957282
54958370
302957284
302957287
601364998
569382757
79423457
707363942
426469217
426469216
426469219
621913893
750951842
562266689
444053346
279974535
279974534
279974532
150002951
150002950
402727587
94405702
608809602
21525569
166277063
628291042
439549921
610706688
667497831
785294145
250062466
757525508
79744199
79744192
325374561
79744195
250062469
283066372
332798725
478486593
790862882
283066374
664339939
785294144
45177894
45177891
509752933
509752931
509752930
449606501
637472321
453972741
736657760
185375748
478486599
47294848
744623072
740329249
278917895
278917892
684396069
278917891
408939491
499000513
447745568
322239457
635568581
752690848
291349892
622792165
291349894
471249798
622063012
759643077
785294146
284234688
273389312
332910342
273389317
739139559
273389315
204152487
731911232
453650181
330520449
764520679
589639556
622063011
626111748
405631269
663806112
531038918
145518944
389879973
181443588
145518948
145518949
626111745
405631267
389879975
640733315
724222081
787876965
640733312
200192802
640733319
379834209
558965863
622328576
200192800
160709729
160709728
790777319
626400679
70490822
70490823
352679264
107482438
107482439
363141346
345642017
284987203
284987202
284987200
596431206
107482432
352679266
107482434
107482435
239406627
429825217
601471334
79749763
778819011
192244322
638118503
381194788
601471333
381194787
381194784
381194785
725366244
494990855
285632545
79749760
649952582
600192738
725366242
686920577
285632548
136000294
667143462
493528325
424783648
586317319
233845984
257614916
257614914
141088071
367006081
406484770
634001217
725366241
279518979
279518978
367006087
43864839
25204099
759643074
264454563
301002887
136000291
301002881
25204097
669063910
433304998
524229990
408406112
408406119
731911233
261552102
433304994
265806790
265806791
200423041
407286336
200423043
188669671
200423047
228130048
407286338
407286339
738455524
279702945
279702947
432407079
659380576
478086631
377736165
377736164
764520673
377736161
377736160
610840835
438591783
93210791
238019619
671979142
610840833
571445954
642677504
238019617
498230757
774365703
266579943
545768704
8593826
72141189
481437767
608225220
669100448
481437763
8593828
410521062
410521063
410521060
560922499
589896582
388425351
628666498
731275590
672558502
699819744
22654370
699819746
22654372
530341222
646693475
658853638
699819749
750144871
69911555
69911556
530341220
35151302
69911552
35151301
222439555
318035523
318035520
318035526
563695202
719281568
563695200
40683494
39191268
777531842
132362979
40683491
585999424
674568576
668952034
701435110
585999428
419046055
214118983
132362977
39191267
514190374
785294148
96723335
96723334
575272162
758870820
562491909
96723332
652060325
726338788
43049090
293750788
293750789
293750784
293750785
787510304
649310211
551105058
699254534
765818016
559218369
757736832
675999393
754988902
589334183
493740867
493740865
483918343
718916228
706626401
348421665
651415072
348421668
606558309
110697671
18326150
706121188
724963876
368275843
368275846
368275847
562221638
562221639
33755717
33755716
640976544
47837479
33755712
47837474
334085830
562221632
47837477
33755718
47837472
562221637
608194532
240138374
754988900
240138371
278426498
584572610
138124611
697911362
138124613
138124612
138124614
154445222
122633696
6024292
363430721
6024291
536764417
420575110
6024295
34061251
301176800
301176803
94295808
34061255
345624580
301176806
203077568
367223879
26547105
600051200
477081825
48381763
48381762
490676903
367223877
174725255
87327649
48381764
452317697
6271335
6271334
660795463
6271330
6271333
723137095
552816103
595515234
410094816
595515236
767078662
595515238
663702369
663907238
425642336
552816100
715589347
783120257
719956516
139907110
790899106
132974981
425642338
470549124
441067425
538743782
477596099
538743780
150214343
568331493
503082368
696502754
790899105
685916768
618110599
561573635
618110594
434184935
159848834
434184933
434184932
434184930
409351810
409351811
409351812
789231461
582283750
746102211
41523206
41523205
41523204
286043013
41523202
41523200
276080644
374267175
276080642
374267173
276080640
152754279
214995845
152754277
152754274
214995840
214995843
214995842
443413635
656879104
188455431
581053733
736657764
61112743
535241664
656879108
190475363
190475361
117131142
688122213
470549121
494042471
400709633
400709634
400709635
400709636
722134692
249589440
88618439
249589446
746019297
589839493
364973122
88618433
686902596
88618437
88618434
29291014
680300902
680300901
783014850
29291010
29291011
447924133
783014854
124842052
173328741
676887328
124842055
427411940
114249345
406868711
114249347
114249346
203418470
203418471
59209408
526634630
589839495
114249349
415027270
147562759
212916608
212916609
95271841
480795429
147562752
785064420
757022624
522553191
388258981
781126884
701939524
505392198
642902950
613444550
249649121
249649123
277537541
277537540
249649126
249649127
343871813
343871811
790347970
343871814
528451175
76432770
477570951
76432772
76432773
76432774
172268741
172268743
506785408
763950726
26106758
49554213
316745091
248870048
685196260
528451171
727809794
763004807
373390919
529490693
283626304
572807746
771040327
283626308
177366017
738879495
694898754
431726689
552253508
586961383
404610213
748631328
404610211
158007010
111387655
588628579
111387652
768143974
452381442
704396295
255871719
654129094
167256512
255871714
255871717
167256516
167256517
167256514
167256515
383196131
91243968
416555367
779950628
26106757
50069346
779950625
556360736
529642181
550371747
470730213
622424643
271554080
515049313
515049312
515049315
714002464
27336388
271554086
27336386
515049318
549530080
416555363
748236576
494476039
529490690
518738016
771592325
774923623
708034471
654027844
452381440
415148260
194877408
667202304
638223303
347203072
722104388
637661988
516478016
347203075
480431329
466112836
347203078
598851365
466112832
466112833
342606628
248339267
759154566
576926245
532221540
532221542
52251205
498039045
52251203
52251202
52251201
342606627
726648549
726648548
123820194
123820197
123820196
123820199
543321027
726648547
749306214
254830753
254830752
326565061
152118403
152118402
648510502
152118400
218405506
218405507
254654531
125313728
600472192
717445093
149285861
537488775
514070564
600472193
537488771
284227141
567949829
268697861
268697860
697855713
268697862
697855714
697855717
697855716
572643905
681264292
572643907
704658150
683494180
683494181
389784835
389784834
310532641
310532640
389784838
105125991
310532644
78507809
310532646
616471205
291373447
291373444
291373445
9194244
291373441
731911238
768688614
786487685
517554531
519043010
710981794
671050083
658554918
334425248
622424642
268923970
653224999
715711842
320300227
759362470
697228227
591216897
63989667
562703104
63989669
70290180
551991110
779128548
395794916
395794917
395794914
707110275
395794912
395794913
404550947
698075462
762523746
692050659
395794918
686549697
725169442
265935653
633470277
164046946
599336068
265935654
696749702
519043012
472549254
164046948
569302976
247656966
147071617
348496899
247656963
293741059
152817221
616784225
555026210
348496896
147071619
576066119
576066118
599336069
741201828
565347750
755433189
742227751
312020769
31183424
31183425
525366912
31183427
576066115
361943846
273181248
361943844
672759366
622092741
628962337
672759362
672759361
480745922
692244640
692244646
442638369
692244644
182545763
214056774
354038404
182545760
354038402
182545766
354038400
182545764
55768070
739068870
577154241
577154244
501967936
643528579
553377282
151386786
151386787
372097511
449052866
449052869
553377285
734270023
625742401
575647075
575647072
472627619
21447911
575647079
775210981
775210982
516478019
736027238
470921765
515215328
532415874
562141060
119274209
259521025
740052417
259521026
294674146
133011335
587314369
259521029
350632098
311526470
740052419
551616199
551616198
782855072
298916867
298916864
532415879
136820162
714905056
326475584
136820166
551616194
136820164
551616196
9710631
9710630
318361571
545270976
118139750
248935015
716309478
248935012
248935011
545088738
397973190
642011139
642011138
81840999
81840998
81840996
81840993
43661859
381297671
72416295
72416294
731596743
764903110
295673250
72416290
295673252
407391554
559087424
407391559
278808579
450289379
698089959
747292832
522034535
728046534
567218982
551400162
551400165
450289377
450289376
342719266
342719264
376246787
315079558
315079559
315079556
380974146
691380546
376246789
759572419
440622337
342719269
342719268
67085319
608238981
632103782
786445478
153003456
591008513
772657440
361804321
688030048
262931650
262931652
262931655
347101472
779639748
624708225
347101473
148225639
347101474
781688615
341771809
142942625
477142018
643622624
397498017
40260260
347101476
696650433
651839296
134721248
452695936
449097703
400069060
538493218
556765733
498116256
556765731
631541701
237218050
359928388
237218052
436114912
725972228
779659303
417152774
359928386
416289538
436114919
543876327
607975553
194903591
663383780
45061444
682142816
45061446
45061447
45061442
741316096
311358788
298789827
556285507
721681541
675693888
487191847
462769158
311358785
311358784
789010688
48898887
607975552
48898881
48898880
303881923
462769156
49545796
576788935
462769155
372890660
279441025
301394340
101175584
781592103
279441028
279441029
347318593
404753152
755964228
429872487
66820550
509989251
429872484
685208288
429872481
429872480
612045478
712915557
676343173
167021347
650074147
167021345
567303431
314410470
469300261
377599012
635808710
227415494
137706688
13434022
410715171
646242466
701002944
679921031
24600775
761063042
646242465
682217351
75761088
280379398
583170881
583170880
446949444
348480289
454065031
280379396
566925825
280379394
280379395
651066050
210754497
310156839
668378433
310156834
120620864
358190401
310156832
120620867
767446080
776160805
759733895
731896160
380411239
541022949
380411237
380411236
506510341
380411234
380411233
612045475
481474147
660275751
660275750
299395106
299395105
443200743
443200741
299395108
481474148
726182630
293307397
476182150
507488583
240344451
630869383
536773223
748669344
240344454
332549605
670355431
508133856
376486179
192727079
340930020
340930021
340930022
745821991
192727073
192727077
716854848
192727075
702387429
422597667
534051524
422597665
380015488
380015489
703383265
223844293
223844292
223844291
223844290
488773408
196638439
594378464
666665987
541022947
439572099
312813190
698138663
559876449
672208544
738411971
113189507
598368005
672208549
672208548
298845605
130059207
542325186
722951107
666665986
373574048
640848610
338696324
338696323
433503939
338696320
671538022
298845601
181775942
640840487
762309381
81095652
152378148
152378149
699620355
85314560
785618593
216494882
269483395
269483394
269483397
298845602
137441733
152378147
152378144
269483392
392088199
534175873
256609733
256609732
196079939
703383266
252864931
554727206
698603749
554727204
228026311
554727202
392088197
554727200
326721411
664637603
542325184
83526919
326721415
326721414
535007590
40870598
631494179
153625698
252864935
483995782
47061605
47061606
47061607
47061600
386922629
571901796
47061603
232485604
232485607
554455713
232485602
292945411
54148544
54148547
595048452
292945415
292945414
386922626
479151813
54148549
493860070
334580130
334580131
334580132
559099397
334580134
323234817
559099392
423049763
587809505
419788770
507786180
416580390
207677888
565956966
579426657
579426658
778355143
587809506
508635713
426853188
398749668
778009440
759984707
224684327
224684324
423049765
224684322
398749666
398749665
224684321
776234880
776234882
776234883
776234885
725668834
442578534
442578533
428414853
12873670
500991808
668888514
614994820
647781574
614994822
614994823
507786182
513513958
353177573
668888519
353177570
82793025
468246150
82793027
398719936
220412131
275195842
275195843
275195840
189706085
82793028
485344455
660701057
209485638
175667910
526495073
455733059
718223842
209485632
209485633
613249954
759687589
209485637
209485634
209485635
505438503
455733057
324534528
745131041
114038179
341042951
114038177
411938784
444348864
554900995
10930245
400528611
110909318
10930241
590620131
654777954
647924672
130703203
56373219
632239330
110909316
110909315
110909314
616400449
598851939
490840708
362198208
125067461
490840705
464139648
490840707
134996997
134996996
134996994
368730784
489479489
368730786
530599649
127076257
282313927
38734723
38734720
38734721
38734726
368730788
38734725
76947395
424316931
76947397
642455207
709330021
296308357
296308356
296308355
595574117
76947399
76947398
438721799
588053058
666665988
340546309
757865542
679493284
711602724
340546305
340546307
575463842
553643942
575463840
582467874
10481734
10481735
10481732
138362373
138362370
138362371
40589280
647781575
40589284
40589285
651797249
449648548
249680386
249680384
46469889
46469888
745131045
658853635
655284962
239460993
17245669
17245668
239460995
239460994
17245665
429746759
17245667
239460998
432921895
563064002
487926535
164752004
703910242
703910244
487926533
221502497
578518722
553643940
338734855
82877728
338734850
338734851
406627239
568021378
376576325
123255234
730602721
568021377
406627236
177303778
145455910
429746756
65022626
596342083
16631202
16631205
751296775
16631207
234123712
641062502
95006468
95006469
234123717
234123714
386189991
634078593
670531109
357049635
357049632
95006467
95006464
634078594
553442626
36821991
244846274
244846275
485903015
590987394
496061344
590987396
590987399
108372097
111854593
496061349
472394021
111854594
756763527
244846279
216598561
216598567
327025156
216598565
216598564
197012102
698689223
601162181
24045991
24045990
531825922
556894341
487250275
676373669
402700642
544607623
676373665
708386723
756763524
37119045
407252227
470463204
407252225
681876192
693996868
443182179
122615684
447554881
9196646
371608483
9196640
371608485
9196642
9196643
667444420
416005121
487464068
416005123
416005124
531825924
416005126
783239680
243884711
642542115
239514913
487464064
23197058
87089894
87089893
87089892
195115940
87089890
508806657
480498405
480498401
480498403
68513218
68513219
642542119
54172038
54172039
148456773
293113735
54172035
769410304
54172032
68513217
450946304
769522208
450946306
456210311
527455462
134255238
664902791
246252742
51535591
246252740
134255232
29985382
744276485
63536546
63536547
675277217
713318691
686079264
730246631
445866723
779543393
488285986
63536548
722153408
702797254
617474084
579046245
779438534
768622662
786876037
768622660
714856679
651450439
463403590
651450438
656917575
702797250
714856672
498792963
714856676
730546468
617474085
179571911
579046242
393116736
393116737
654267874
654267875
654267876
287380768
654267872
389547203
498121411
122776227
627160128
753870369
193446629
193446626
583897410
426838336
744356773
768100804
694014659
500707329
753884133
753884130
789612005
789612002
9252320
789612000
316853510
655337349
599825348
182316578
182316579
100562500
156991616
387006464
163510561
631423141
498792961
539504390
617720615
598821025
598821026
182316577
163510563
398606754
398606757
398606756
301620641
259451623
583632613
301620642
301620645
315063301
315063302
451507367
37752192
383072166
534545793
501984197
37752196
722260100
37752194
383072160
534545799
534545798
37752198
163510567
680750689
279548135
520972961
246349669
246349668
246349667
648523779
246349665
658893505
21613830
781672800
606686981
294885287
617088231
788193441
573905218
503449222
788193440
512119783
506796321
780713059
503449223
788193443
62417349
62417348
62417347
62417346
606137447
404494340
611712674
327290471
139891586
139891585
287514944
511130304
511130306
257091650
257091653
257091654
139891589
649076165
8014757
612666087
8014752
300601796
612666083
233917921
177612582
72856833
72856832
72856835
233917924
8014758
72856836
676083239
745780482
494151907
494151905
174875844
494151908
174875846
174875842
423312994
423312996
455121473
455121474
742730757
423312992
423312993
455121478
256099460
423312998
423312999
497159810
125496835
125496834
219394560
125496836
219394567
391959397
125496832
352965607
352965605
402646310
352965603
352965602
367182624
336484225
461618562
417900417
712351649
772355840
118524097
163825542
749921152
118524098
675055495
336484229
511525889
351239910
189432135
790082562
216953248
62837349
62837348
614603809
572836133
457557542
461618566
62837347
62837346
572836130
679553093
767370755
767370754
572836131
588483142
39146950
297921764
297921765
297921760
297921761
745780481
545473572
590953606
590953604
756778019
590953602
148193351
98234662
98234663
754789092
98234661
754789094
756778017
742730752
441712675
76703367
441712676
76703362
76703360
76703361
681650852
681650853
414729440
681650851
441712679
397068388
219023938
414729445
736149090
176630980
736149094
566192801
606688933
742730753
482794598
296606054
396727749
304552451
296606050
304552453
296606052
729331203
729331200
729331201
729331206
396727747
396727744
261670881
67589798
261670883
261670882
261670884
261670887
776883907
97569190
97569191
583384321
67589794
67589797
583384324
465516864
263683872
601748615
263683874
263683875
263683876
263683877
426280102
263683879
251832932
258017443
251832934
755883745
546502821
335940353
465516867
543477540
335940356
335940359
335940358
570094086
266266464
329474982
570094082
353470916
168737122
168737123
168737120
545006592
350481763
545006594
267106179
350481760
267106176
410274720
290050855
290050852
410274727
290050850
410274725
601916705
601916704
566192804
708126436
603662437
750589413
601916708
558735524
646129568
549020709
549020704
448151939
549020707
316589248
482444580
711696900
230995521
760621346
230995523
230995525
230995526
369020582
353062883
152739015
206608004
152739013
206608002
152739011
152739010
555259014
555259012
64931430
728389795
768871715
505896325
768871717
566230787
759061059
39539973
568072903
568072900
741941345
647556518
578392323
66326368
66326369
521511940
41570979
583731462
347752230
41570977
41570976
566192807
762638243
739463713
602035332
372228711
343337793
514227173
343337796
343337795
762638245
711013573
309119460
309119461
309119463
340573990
641300196
706701216
641300193
259507683
706701218
552655015
418419107
259507687
615426496
740136229
632438438
651324579
632438436
740136225
591388614
699394565
632438433
410316355
659603845
449920928
689133889
535255233
502261379
502261378
261991302
261991303
261991300
535255234
658893506
682155910
688123681
441429347
371360608
65731110
377910533
377910530
769206468
435117730
377910534
72478439
72478438
669932418
202818848
786876033
140305408
72478433
371973700
371973702
72478436
122653351
587253411
786985350
741770817
683966757
456139009
387059073
376357475
376357474
194869571
376357473
376357472
189840614
615426499
376357479
189840611
157757092
295601953
236932290
670460770
295601957
157757095
562927713
295601958
109712133
104817954
109712131
666905633
212620228
212620229
586741319
586741315
398963168
213626244
489361219
586741312
212620225
72357701
72357700
72357703
299258337
770036674
3476868
3476865
3476864
167414502
347324226
347324224
536455936
480037985
157908066
157908068
767398595
376143649
376143648
347324228
505851204
149326919
93160550
54332421
149326913
54332422
139889991
139889990
732800384
149326915
180563682
118837889
186108609
180563681
180563686
787222567
180563684
562418884
24116646
24116647
484157287
246176993
24116643
465779623
128778818
102022788
566758183
249797188
249797184
721340708
128778816
729035203
407818727
23756355
253563651
273973831
23756352
253563654
470295687
578222245
324077511
578222247
578222241
496189984
23756359
23756358
98332418
480716707
615742470
392450949
392450948
392450946
61267621
392450944
98332417
492304101
492304102
237199393
11200224
100387265
11200226
100387267
11200228
11200229
670460771
643539046
291671872
256519622
256519621
237199395
756855746
756172933
407246630
76569696
562895971
76569699
237199397
121368391
731223328
715747777
559580452
532655909
209004320
381293889
381293888
35422597
35884743
144336005
35884741
144336007
144336000
478913315
144336003
522311014
522311015
608837059
477605669
522311010
522311011
336072389
543532518
55941730
259322272
444118720
543532514
55941734
259322275
444118725
325216259
357648448
56801509
715888353
692991425
56801507
56801505
56801504
464753380
459991142
459991141
687507714
379467747
44107909
379467745
627610790
757786242
72746401
478913313
163744550
276022181
46812160
44107905
44107904
697397728
784053793
757786240
44413479
621950689
641509094
44413475
616308357
560540739
154852775
154852772
44413473
616308356
584349123
528701699
31916034
31916037
584349126
4080133
165189059
4080131
756011907
499025060
703125348
7852165
7852166
455455428
598223943
446127265
743441378
598223940
607056612
607056610
446127264
455455426
455455425
607056615
130169506
770901255
594785254
355607940
687507719
663489412
446127269
130169509
168610535
168610534
742739974
168610531
168610530
289800321
1758368
595155527
689949126
135722372
453663395
519879622
480845060
103352999
78105990
21678338
21678339
677572773
354166914
103352992
21678337
425080899
425080898
103352995
27030437
444032355
790128739
55809346
116990279
444032352
116990274
647030054
55809349
444032358
672300930
116990272
598732934
16076390
16076391
498810048
510894052
432405541
95985984
62910208
381092131
95985989
381092134
789475907
761374982
341863264
151135973
151135974
74204928
326230721
326230726
326230724
90198980
694187301
90198982
147676102
311771207
495950758
25431078
25431079
306209575
25431077
247411105
25431075
306209570
673311014
306209572
725536326
347796482
784824928
544614214
347796485
539735489
539735488
9848705
783006694
742763367
124451747
124451745
678592740
124451749
790031653
208422369
745017543
239934371
228076899
176608738
402428736
235131236
402428739
402428738
228076897
239934373
770760036
756172935
41881542
239934372
131572518
196042086
655955524
131572514
131572516
722746756
131572512
239934374
79381281
79381283
79381286
404635973
404635971
437105350
112612231
265647461
301916547
265647463
265647462
741359014
446462754
648587392
561477988
659314978
514389701
749104582
548075840
548075841
177482374
699394561
177482372
548075845
177482370
504079522
704797730
692750401
537680256
717231457
202332448
727593350
645996261
24128356
92111749
92111748
92111746
24128359
544614210
191061312
175538977
191061317
191061314
648629729
403594885
338560448
338560449
40463110
403594882
733391649
190321124
190321126
190321127
190321120
190321121
190321122
254373125
623430022
283503682
544685600
317477664
17213185
283503686
283503687
759837573
116685574
468172352
213480737
675839908
675839909
412980227
757070759
251899236
251899237
483521765
483521767
251899233
607952480
587502337
251899238
412980229
412980228
429002017
513578849
775382176
217466085
315090976
716394245
254182343
321863140
716394241
791043267
429002019
678221893
186706017
717135777
592520708
69258981
69258980
69258982
108918565
595055429
509938183
414707585
186706018
179518631
540792930
213480739
577908327
577908320
542108803
577908323
204505124
204505125
204505126
170350208
204505120
739131394
515252096
204505123
563016455
638202691
455340864
767369510
563016453
563016452
592536645
126166951
592536646
225276198
587092068
587092069
225276195
225276194
789475905
225276196
529354144
225276193
592520706
42891492
42891491
42891490
57034656
406589666
42891495
182566404
141144133
57034658
539444775
539444772
539444770
141144135
449411015
486383202
449411011
459983810
449411013
449411012
252105895
388837088
706361568
459983811
725536324
252105890
252105893
252105892
388396901
457797892
335290083
457797890
335290085
304565218
335290087
266134817
455936513
266134819
304565217
233124519
639931522
455936516
455936515
137872450
112986247
112986245
31097664
31097665
31097666
677218311
31097668
31097669
644155430
587540807
588333344
588333345
588333347
711834049
703549506
687063205
214406176
616983591
588333349
627144069
214406177
26543424
66413795
26543426
26543427
654862307
503757894
66413792
66413793
698603746
140923077
507991489
66413798
26543429
140923073
14543296
140964774
460424997
460424995
460424994
172318278
460424999
239985664
14543298
681945536
235988708
722942853
753986631
580125509
228692738
623419779
99704868
657186369
580125508
590881383
522860710
527011431
85433762
626781637
757934596
626781635
732800385
85433767
85433764
99704866
93942048
716993283
566477217
686407811
742979555
80605122
237095457
80605123
393386531
393386530
393386533
393386535
22486851
22486850
385543524
112550853
22486854
385543520
385543521
720273475
202823205
202823206
434853447
202823200
202823202
325518887
138566946
534057409
773627460
57426311
325518885
1637798
1637799
1637796
648258244
1637794
1637792
124796737
503272834
10720230
159717542
159717540
28639398
28639399
520335493
28639397
506281025
421372322
506281027
28639393
309100224
255183367
274322311
309100227
109590946
415613408
109590945
433136355
433136354
109590948
433136356
414762468
433136353
536519364
315129312
315129313
353029827
453427395
315129316
460550919
460550917
315129318
460550914
353029828
618435814
688469953
391108934
684899584
584076929
719339429
719339428
752570339
751615267
607817031
87456871
120558566
120558565
120558564
120558563
120558562
265316769
542287684
636677989
740259239
206356672
170879559
62439523
12149703
12149700
62439520
62439525
62439524
252031811
206356674
453051877
225894049
225894048
25024227
25024226
337861762
398398788
453051875
247004358
25024228
382055266
382055267
237248096
382055265
471700288
168534050
629937922
656346789
380104768
321207750
687964647
82734625
687964645
453051879
349928198
104906439
687964641
349928195
349928196
104906437
82734628
265542339
104906432
349928193
111832003
369594887
111832001
641901346
111832007
722228547
111832004
96081381
466146949
126709541
10129954
163376322
258937250
134207520
258937252
134207522
258937254
721349990
134207526
391388642
417962273
391388647
175966468
391388645
391388644
198892167
361281057
198892165
306986082
306986085
369594881
306986087
361281056
32951014
541113920
560125348
32951011
741402241
580743427
781290822
297536167
411524354
297536165
297536162
671091268
297536160
748983909
265542337
671091266
330070147
520459271
411524358
574421669
700459686
700459687
310588358
520459270
466014022
245595908
81260035
245595906
245595904
18846500
18846502
347850215
547895175
439548224
675377025
726049510
438024929
716212291
692798980
716998629
439548228
439548229
505879651
450447328
505879653
81260032
171698149
629308449
616120708
616120709
752072327
170556839
275698980
393268071
275698982
483468390
689281732
614181510
227892742
556038471
582957763
492215622
31634210
31634211
31634212
31634213
197606053
442671264
442671266
214288546
197606055
197606054
656149633
214288549
45842822
442671269
750506913
67567139
581754689
575269251
253831143
67567137
253831141
238743591
262981541
609338497
480545857
667058498
407514692
710800294
214570052
214570050
775606532
32439525
600749793
32439527
32439520
439937
541754176
32439523
754356548
419128386
162201030
279975239
419128388
178635685
279975235
199932483
510890496
300071396
199932486
751595367
132279939
132279938
330523143
330523140
722500484
748103044
472198247
472198245
472198242
472198243
52061671
52061670
542940773
542940772
460365856
773726277
279288388
279288389
279288386
420129765
644750980
300071397
365767168
365767169
420129762
465076934
783713189
587029056
168291879
168291878
597345411
8346535
597345413
8346530
100543335
704764134
672497889
476252645
614814310
672350215
384012356
202151365
202151364
509753639
202151366
300071394
475917221
724114150
768581859
727112195
559341703
559341700
482074727
658640837
412488098
787260134
261480672
412864804
639122241
261480677
215087777
261480675
353099137
353099138
342592452
261480679
261480678
482829891
342592454
445699554
508207619
627948551
680113412
322895111
508207616
508207617
244736006
700238759
217555745
768412229
618653988
217555746
168411170
700238752
168411172
168411173
562636421
168411175
562636423
562636422
50010950
396422693
211060801
602220451
764063201
211060806
301576517
211060804
164535041
146293990
492274982
643910625
766167683
318429350
367020485
454418400
381505348
62886725
401298951
38159648
38159649
600254563
68531585
68531586
68531588
341195270
348765507
348765505
366109379
145821251
145821250
775606535
145821252
145821255
331773127
331773125
719448422
560408262
120867104
658006375
120867106
667208513
357347873
770650272
357347877
357347876
197670788
357347874
205044129
197670787
770650279
357347878
598722624
607267079
216209601
216209600
216209602
216209605
14052741
216209607
356997061
507151136
258341345
748103043
314047814
786881381
204327553
781449185
409273858
204327555
158554594
633987744
372622370
158554598
372622375
705006784
620147910
239602375
239602374
570706945
570706944
239602371
594641568
415161446
735303331
202609190
570706948
401607397
401607394
401607392
601615462
601615463
420414565
516727330
516727333
282205670
148532230
401607398
40567556
274386309
760704039
424857573
507948676
584054630
274386304
543284578
470805318
27493446
633987746
600663556
628896640
640340129
628327137
126416901
377287906
35311811
178750085
600663558
178750087
178750081
698324871
716624608
306174756
91466306
767829127
742623300
306174752
134373473
348335491
348335493
101472260
134373475
101472263
153144133
153144132
153144131
134373478
783813733
300977126
153144135
506929766
278934918
168679653
168679652
168679655
715610597
736047362
656838981
106590150
231293478
225357440
427895714
225357442
427895712
225357444
225357446
101284133
231293473
231293475
231293476
231293477
527337543
352057190
507948673
620990019
725740900
149979846
558401409
149979844
149979845
709907366
81869248
149979841
471880388
719502725
314191079
2450786
314191074
314191077
2450788
741872934
471880385
723547264
707484128
744972353
283901376
744972355
371082368
744972358
540121060
567449858
669959360
567575909
430899458
176996256
349226017
41297024
612238019
349226019
651638019
567575906
669937894
772484513
555670598
451628838
209839489
422566887
296910020
296910021
451628832
451628833
555670593
422566881
379144801
379144803
369225733
627758402
579186209
379144807
379144806
72875396
72875395
542330407
72875393
72875392
681044933
2921252
2921250
37594407
37594400
37594401
2921254
37594403
177578819
177578818
70749510
96507463
66875747
618007328
421187173
310058022
310058020
555698150
109799716
475588422
475588423
582673253
582673252
419747907
779028738
582673255
582673254
451144099
110398338
479609186
788740131
17967462
258855461
17967460
258855463
40675077
603482434
450230533
450230531
355485408
762217220
699987842
450230535
282885447
371718244
719502722
494043526
494043520
494043521
371718242
722651809
449990631
47956742
296243873
583374689
568902914
221398950
788662275
78143238
84806022
699987841
257020225
207636356
438782179
257020226
352432161
277573984
78143232
78143233
352432165
352432164
352432167
352432166
763418311
595479617
570860774
560181957
36595685
305083969
701634375
77449378
701634370
701634372
596318336
40562850
341841409
40562852
142528736
40562854
40562855
61479456
61479457
61479458
254489701
612238017
396744420
396744421
396744422
396744423
297388231
593576513
337702434
303571363
88284738
337702438
303571360
378725124
303571366
378725126
92828033
129374852
56117250
129374851
129374854
669429666
631547972
393727073
126738790
602459745
633818945
91280836
619663138
624493985
778709925
91280832
624493989
682758599
46329537
91280838
712064642
484336387
51004455
602459748
779454597
779454596
51004450
51004453
4608800
310763109
779454599
446295971
654949059
604399299
358111462
358111463
358111460
606392199
206963559
206963558
413797637
206963556
206963555
206963553
670225858
4608804
548040967
180961443
180961441
526856036
548040962
526856034
709042148
526856039
626940901
260361186
277627908
260361187
752351169
221713569
277627905
277627904
277627906
197422849
202140291
202140290
586305543
641302916
413577093
49722820
279409248
279409249
594053120
591475650
165436359
655776610
458854465
655776613
655776615
6734816
81460289
81460288
240835941
124766657
172809824
172809825
787736870
316869605
172809828
70817763
40774662
316869603
431370209
502784801
502784800
502784806
360157891
696843907
43778531
43778533
132989701
97918176
756136355
384348902
163926949
561160897
38105062
561160899
501188034
132989703
562105540
557180742
229587238
163926947
38105060
80233312
38208640
95914848
294793701
378545825
378545824
651431427
378545826
378545828
777169351
756136352
603994532
578062083
563527969
535084961
675597478
613105639
15295428
15295429
316518374
316518373
316518370
16144419
467111140
539529319
20034948
209821671
593670307
555666564
20034944
344859040
20034946
414739493
560600608
16144416
295638630
440880833
770654884
440880837
623996483
299781856
299781857
623996487
623996484
118112770
669053060
45309765
748310304
45309763
279964871
45309761
603994530
88512932
88512935
638765315
50294502
731901796
113532739
731901793
598125863
500536932
414300800
748823430
577660967
731901799
717159968
673229893
667127552
94624224
756170119
423366177
756170114
298843815
615082692
233715813
233715812
704587938
667295975
667295972
665249443
667295970
667295971
576960292
576960291
389494471
389494470
200704103
199315777
473485060
338672002
199315778
338672004
338672005
624937314
474275271
624937316
556425601
328650021
328650020
328650023
372492322
700836032
190877444
190877447
29117601
190877440
700836034
190877442
715275877
638573479
648338371
595479619
638573472
282547362
756259552
638573476
788662272
110079430
574301473
441890916
763590822
376309637
315534727
376309633
675101766
429982049
376309638
376309639
441890919
593189220
229775429
782983975
20163425
651149858
593189221
20163428
43863715
43863717
229775427
43863712
472002214
736430307
415145728
710402946
75836292
667110881
732446055
692964608
598024391
657142116
390585030
589081697
1351393
451652768
1351395
1351394
1351396
1351399
1351398
655911876
473779139
190500710
765048039
77582470
736430306
260256647
260256644
260256645
245741826
245741827
260256640
260256641
227873989
265934950
265934951
776553286
395224391
711209412
178088163
178088160
178088161
178088166
638014275
711209414
608251078
655911879
369904740
487284549
487284548
483149030
177816997
696558563
177816995
275102247
275102240
177816992
275102242
284417345
746899616
177816999
746220997
756259556
522159747
601671013
761302435
335158369
522159744
696558566
776187237
430650341
727616576
433158534
619074375
659223685
594556320
45725728
45725729
594556324
594556325
78937574
2465
2466
78937570
593694370
39107206
381882950
678051335
299836769
2469
248298567
348358598
64777124
248298561
248298560
654731426
348358596
143079655
181371328
143079650
348358593
285137348
316499008
437141185
291253700
102890661
291253703
726524614
285137344
333084261
285137346
333084263
196312451
580448384
375944548
196312455
736068932
233041891
233041890
233041893
375944547
705259300
233041894
692150819
633014658
468030979
55543909
55543905
379348455
55543907
109341062
105999905
379348451
535583045
680497316
42203462
42203461
42203460
555538726
395924263
675294117
405393441
405393442
405393445
117194117
405393446
52835618
641665859
359725509
636207046
159270887
159270885
417751108
159270883
48623718
159270881
783318242
48623715
299361472
301555203
299361474
301555205
299361476
48623712
608507398
228148512
6972071
501165991
210039012
210039010
228148519
608507393
608507392
608507395
789540452
608507396
469705826
671486464
134965862
783318245
614983970
120133989
373963075
373963077
596484354
646142371
638967493
373963072
260734787
342091428
374735298
456799810
374735296
456799813
342091424
534067845
412866630
608758784
378211172
608758786
378211170
119225668
187107591
680513793
210189794
119225667
119225666
555538722
608758789
652234113
265484289
328821571
714230724
469985088
100529856
714230721
328821574
104897349
104897348
146155043
104897346
104897345
380506307
100529859
146155046
743521440
737861411
72950021
476623589
511129670
476623586
476623587
476623585
520627745
136085697
136085699
136085698
482488256
555741664
751418691
598365121
675294119
730209792
522720261
598365126
598365127
720122532
612121410
376026021
495511971
603955042
451755271
451755270
570411872
495516225
570411874
273803232
166605760
291307620
291307623
757486533
757486534
166605765
720526853
70044261
617451783
617451780
70044262
531052704
531052705
531052706
479678759
327898273
660681191
327898275
327898277
327898279
327898278
479678752
524309537
479678755
479678756
479678757
582485377
700569189
371538048
774878181
129621062
129621063
129621060
737270981
727030787
195295010
195295012
