419940994
114359585
114359584
114359586
278855365
168743942
168743940
272969472
278855363
636468483
672778019
110391042
110391044
110391046
568032066
717343078
709078434
709078437
683180134
683180133
471597347
420317060
597774630
624356193
585923334
624356195
624356194
624356197
624356196
555601986
707588388
173278501
604518695
731539685
555601987
248743142
248743143
248743140
615036775
711751168
278855364
632190055
615036772
672523298
647902464
608279463
278855366
271712039
639513729
608279462
271712034
271712036
600605409
608279461
283390150
278855360
264806656
79325313
725386852
136359782
136359781
136359780
721380101
211635521
211635522
616001825
211635524
575893540
211635527
741283105
343846785
448353217
343846787
639513728
580020326
420203424
279755270
133265378
343846788
741283108
197671299
717271202
192839463
133744896
133744897
370813025
530582950
500531139
500531138
16201703
16201702
738261958
133744899
608513991
686004513
273470753
142971811
273470757
273470754
273470755
324959463
700798977
324959461
273470759
556554886
714677282
310627682
310627683
310627680
115015814
708303781
115015812
310627684
670353223
717783687
650638342
184737217
558540352
650638341
695797953
707588384
709078436
142458784
1341799
695797954
695797955
394866854
1341795
530516612
695797959
542589767
722939907
542589765
1341793
452636898
452636899
752135845
709078433
117330182
647902468
753055776
233670564
233670562
452636896
233670560
193483174
110838887
394866855
556554884
294235233
331291108
543381889
543381888
355549569
355549568
36409990
337531908
463872869
449757957
463872866
463872864
433704930
449757952
665692483
631801444
631801445
584484198
584484199
375294016
631801441
390707808
343418853
343418852
375294018
343418850
584484196
343418855
343418854
705232390
670389443
710591012
427896806
555123744
621375297
427896800
190713889
573458951
573458950
29333697
366695168
380080644
622342823
256098369
289143750
92271456
508643718
732663363
728829156
508643713
92271458
92271459
508643714
142564102
431379171
142564101
431379174
628151428
664293410
628151426
728829153
628151425
547742914
210775392
210775395
210775394
570261255
210775399
195552738
172919110
172919111
444053346
444053347
443741573
443741574
214437699
744281542
744281543
744281541
444053348
134088324
633685507
693661923
143824609
143824608
724222082
587504929
652411364
135618658
697659719
299703329
554145766
141088071
147618500
147618503
261552102
77546946
545173089
628666496
77546945
560922497
24785444
2920741
24785447
24785440
743920354
24785443
729330502
71344934
402885312
697659714
71344931
402885315
71344933
760227040
125497735
125497734
612098660
125497731
125497730
125497733
125497732
644290145
644290144
211831713
211831712
103581861
600397861
103581862
229156101
211831718
229156103
345624581
363430725
363430724
363430727
363430726
525512997
481861862
481861861
552816100
760227047
258856737
258856739
466512896
394639522
658551840
455358528
128245764
724323236
128245762
494042470
128245760
326863175
316745094
316745095
316745092
123226464
316745090
227595271
123226469
123226468
735314657
658551843
25414980
148714791
387203302
498039043
498039041
56818211
498039044
593621376
272816097
300508867
300508866
191923269
272816098
636181059
472549253
11074912
315412579
11074917
403031748
698075460
472549254
403031745
403031744
11074919
708671206
165714464
620196768
439195427
516641958
616673889
516641953
621375298
516641955
373696480
406781408
373696482
373696484
373696487
373696486
525512993
484948611
200198663
151984769
249617508
242328454
658894919
73194279
73194278
73194277
327792994
73194273
327792992
436949637
249617506
347318598
461332580
11890855
44348609
44348608
11890850
11890851
11890852
11890853
464082343
518714693
518714691
664473604
329609536
47691815
329609538
670355431
749425126
65908352
448353216
65908354
113189504
65908358
628652230
518614752
534049124
90458756
252864931
83526918
649297920
90458752
90458753
183410624
183410625
386922627
183410628
183410629
388294434
83526917
565956966
90458759
426853188
261406627
261406624
483058976
661389095
737788485
205719618
737788487
186654791
471502402
426853186
261406629
421850403
616400448
471085571
588053057
53723878
304467751
649849126
53723875
53723874
371970208
680800963
421850400
471502406
660883940
328131586
328131587
328131585
576368385
140006150
140006151
254742912
254742915
254742914
254742916
591320768
634879361
30670916
633774533
30670915
757985095
30670913
739139552
686025475
312456199
693988453
283073669
634879366
686025477
501984196
717271205
366634434
501984192
501984193
109348391
294882917
294882912
294882913
313243236
724707011
294882918
585107621
519890561
662406273
626276389
626276388
749425121
586463362
505392195
230881350
653181216
583291011
486980417
626276387
453909063
527376902
527376903
58225923
421238695
558540356
58225924
210962982
259114339
210962980
734019649
436133472
544941316
591815111
46181248
144067553
436133475
339545510
544941318
544941319
103161440
103161442
103161444
103161447
689266246
101910246
184980448
469296416
701044166
353104484
685360130
353104486
353104480
353104483
417840545
152991040
152991041
533843811
490994631
152991044
152991046
152991047
700798976
485117826
290232320
413615783
324959460
11633891
11633890
11633892
11633895
11633894
112006016
112006017
18940071
412619813
679791588
417117892
222022306
222022307
222022309
8307489
8307488
578655686
578655685
412619810
578655683
369433730
733125287
369433732
70447457
369433734
648689223
543016001
123003492
123003491
184737219
412619815
123003495
123003494
599285127
405511815
664365348
601068359
610802790
610802791
468172355
89643012
89643014
341613667
468172352
32031425
341613668
32031427
748857315
460957413
468172358
635779140
296524928
233124517
233124514
655331937
233124513
105211111
669522275
182566405
90059174
595755653
90059171
90059170
182566403
233124519
485073538
485073539
235988707
235988706
235988705
608480163
62457127
434101637
62457125
62457124
547706499
330905030
62457120
625752516
753906082
141262662
753906080
633837571
686224448
655069475
669522273
15900896
15900897
448089220
245633056
25081413
25081412
25081411
25081410
124057699
684983367
15900899
105029127
196543234
641901347
105029124
466146948
184785538
105029120
184785536
695797956
136250532
136250533
265542337
136250535
729773858
30971681
516769029
30971683
621208581
30971685
556038471
626509921
407514695
196686630
196686631
407514691
407514690
407514693
547706496
178635681
736276864
178635683
178635682
175410628
178635686
175410624
415597890
175410626
672497888
265076258
511071299
511071298
639122246
441037185
445715457
265076259
434293730
428857988
285752775
434293734
533226244
285752770
285752771
309009923
309009922
309009921
725004453
309009925
309009924
731395526
731395527
201355937
201355936
23097863
23097862
415161447
731395521
256089474
30486214
30486215
30486213
424857571
600663558
450609538
256089479
677901509
758267745
202470119
219043302
202470114
202470115
202470117
202470112
758267748
220288678
220288679
238325862
491871877
451144096
428857986
169731234
448839463
451144098
220288674
718401218
220288677
673077666
647113062
36052611
36052610
518999654
77449378
77449376
538942369
583471393
350539623
350539620
566530307
148488002
13611718
13611719
148488006
148488007
13611714
510661991
13611712
36962084
744180193
36962086
229587236
36962080
370450435
36962082
70817763
24501890
24501893
452636897
259797668
259797669
710458274
28040327
151548066
28040325
151548064
414300807
414300806
151548069
151548068
259797664
259797665
259797666
414300800
585650691
220396614
679043014
453844100
176144037
453844102
453844103
121638848
121638849
593189220
593189222
753609222
422975299
42864902
422975297
679043011
285286660
285286661
18425794
31758758
522159744
522159745
696647014
296972257
176144036
230639840
18425792
31758752
606682309
31758754
230639845
31758756
587047809
558955425
109909511
108594018
745176615
108594017
596561985
745176610
446423617
659780547
220706341
220706340
96002342
96002343
546508256
672495780
273803237
495511973
273803235
273803234
438486183
438486181
225878976
173946465
178920647
173946466
178920642
178920640
543220231
122770855
122770854
449152551
342502016
122770850
543479233
122770852
322596640
322596642
342502019
322596644
256971111
256971110
647956615
448854310
697225991
94046213
415454886
415454887
415454885
722655552
415454883
415454880
622339265
622339269
528294436
512748130
178963655
564542918
528294437
627324743
635800034
109546053
157871461
564542915
564542916
330674437
330674435
330674434
573556065
528294432
726217092
166604230
467419974
294623392
180557605
180557604
180557607
180557606
300930529
666129377
591047367
248137380
311669252
311669250
491613024
547149058
721770279
692610467
692610465
692610464
631801440
592159238
245421031
523578181
189081991
547149056
547149057
72677955
41189062
41189061
361710786
29708263
29708260
72677952
396754854
396754855
750341254
72677959
396754852
263622336
2605318
584484192
277035748
4718053
649752229
4718055
566026727
566026726
2605312
637955971
2605314
2605316
277035745
344245184
344245185
178552773
178552772
178552771
178552770
668504706
344245188
674749574
94809703
313593284
413955492
337749380
413955491
446417733
88011363
310461187
94809700
88011367
88011366
548320067
548320066
548320068
557628770
313593280
731911236
310461188
557628775
434723779
85483430
126470179
135758629
732751424
257739169
313875175
434723777
685815750
312213478
312213479
587629287
312213476
678177985
239986368
301755682
354941184
512958885
621333057
301755686
594440576
301755685
667803810
667803812
594440578
667803814
759984704
524186848
471047200
482292100
456726658
751051909
471047204
471047205
736209698
456726656
456726657
389147937
592123940
592123942
78852645
689123779
297416293
297416292
297416295
297416294
544252000
597578532
706352992
473576293
651498277
544252003
651498275
330126790
475749089
610869381
677219812
736641061
62499205
384628640
384628642
77651878
33809728
274136773
274136770
384628647
281446946
77651877
77651876
540176998
483677285
483677287
179145729
246049505
483677282
659389345
558955429
540176992
719588838
667183266
540176996
540176997
122896551
357182759
357182758
475489568
498317856
357182753
544348128
744177924
575208608
357182757
357182756
90845248
357182754
665527268
510878629
566199681
60698210
150331296
496199779
150331298
510878624
546021729
665527267
337500576
760510178
496715813
738261956
754590021
69115808
57894752
244095621
57894754
244095623
57894756
242178691
242178692
150592295
150592291
667183268
40041538
508643719
474722437
659389349
708303783
757525506
248649152
248649153
248649154
674959460
639847270
674959462
35896195
35896197
35896196
241307396
133033958
133033959
133033956
331787942
241307398
133033952
35896198
697388774
144937922
708990658
89923238
144937921
144937927
121499360
144937925
197178471
89923233
695351556
89923236
493659168
89923235
509590341
46366917
519515298
519515299
297709441
297709440
297709445
682247331
375812551
682247333
701869539
333013414
536226177
333013411
701062916
663476416
640838150
640838151
381272896
507644704
397462535
448989985
397462530
397462531
243613190
243613191
337086405
648010305
648010304
381272899
648010306
431379173
656627586
656627584
437215649
107541287
107541286
166505828
107541282
408915329
755445698
631514275
125178209
198503649
305259398
305259396
681161253
305259394
762392099
305259392
31144711
130304864
427112738
427112739
417467524
624790788
342270240
754850977
210893383
210893382
40744928
210893380
454329253
531307045
310589858
310589859
531307040
531307041
454329255
157862817
254400096
282150023
746636161
261096578
48015077
263666243
48015075
48015074
48015073
48015072
157862819
254400098
735430978
254963399
571783238
440111457
82829701
82829702
82829703
147636769
222709351
511060547
440111458
545226656
545226657
571783235
506411236
697598657
729985505
24261601
729039043
24261607
24261606
24261605
24261604
386015044
414679205
18451009
414679203
414679200
153892933
427078528
153892931
555707908
756425536
506411235
697466917
232202178
758556899
30998021
417963974
30998023
30998022
246290305
641432708
621913892
745914944
641432709
210620000
210620001
570625377
185592391
601364992
210620006
481803200
302957281
302957280
302957283
302957282
54958370
302957284
302957286
79423456
79423457
707363942
630523106
426469217
707363941
426469219
79423458
713888097
635800038
279974535
539014113
454612934
279974531
150002950
439549926
439549927
94405701
439549925
166277062
166277063
610706689
630523105
729039044
662281414
597995172
664339938
667497830
250062466
79744199
50360065
724963875
79744193
79744192
325374566
325374560
702675911
250062468
325374563
579758112
332798725
100133191
100133190
332798720
283066375
741872932
713561121
579758118
45177894
45177893
45177892
45177890
509752935
666803270
436716737
509752931
622792163
449606500
449606502
684396066
575439591
47294848
47294849
278917894
278917895
278917892
763026055
278917891
682487105
682487104
408939493
733172900
408939495
322239456
720636739
291349894
291349895
453972742
706543911
273389318
273389313
332910341
747454336
332910343
273389316
344544390
528107938
746978214
330520448
330520449
692558689
650773954
626111749
405631269
698155458
145518944
145518945
389879973
537709156
531038917
389879970
405631266
626111744
405631264
389879974
640733314
640733316
640733317
482474373
200192801
379834209
379834208
558965862
558965860
561573638
160709729
567022816
350747430
350747431
70490821
107482438
239406628
345642016
363141347
284987203
482474374
494234276
284987200
638118501
107482432
29564580
239406625
345642019
107482436
239406626
601471334
79749763
601471331
79749762
381194786
606845572
381194784
660898688
133580128
494990855
285632544
668430183
285632546
660898689
726938533
606845570
514112451
696469188
697462849
686920577
285632549
725366243
257614912
493528324
279518977
2925255
493528321
257614917
257614914
264454566
433439744
367006080
367006083
257614919
406484775
279518978
586317315
367006086
711848896
734559489
756616708
301002885
301002884
301002887
751027428
25204096
261552100
192244320
43864834
264454561
613573664
408406116
680282150
408406118
433304993
433304994
265806790
433304997
200423040
200423041
200423043
188669670
188669671
616931713
555662818
228130049
402545697
279702945
421746822
279702947
279702946
659380576
600192737
506411239
377736166
377736164
279702949
610144864
377736160
610840835
751415265
93210791
93210790
238019619
238019618
610840833
606558304
667143461
642677506
238019616
610840839
413057955
8593826
8593825
114564550
506559168
481437766
481437765
481437764
481437763
481437762
8593828
410521062
410521063
513754631
738076615
388425351
388425350
328547809
22654371
22654370
22654373
22654372
22654375
22654374
77546949
699819749
69911555
69911556
744917504
35151302
35151303
35151300
254955619
222439555
318035523
318035520
222439556
69911558
318035527
222439553
222439552
39191269
241748550
132362978
729330501
40683490
585999427
585999424
701435111
402885314
585999428
585999429
39191265
39191264
39191267
214118980
43049093
736475648
402885316
96723335
575272161
165931494
96723330
96723333
96723332
551105057
551105056
293750789
447137671
402885319
720368102
551105059
559218368
675999397
493740868
144445764
712674595
32013249
32013248
43049094
493740866
712674596
493740864
706271591
628291047
483918342
483918340
721453671
651415072
731459201
348421669
348421668
164893217
571445953
110697670
18326151
656340674
671397184
675597954
368275842
584572611
368275840
368275841
114564551
368275847
190666374
368275845
562221638
607505479
644290146
534960103
713064199
693204384
47837474
334085830
591974052
47837477
33755718
47837472
728132292
122633699
122633698
728195973
278426499
278426498
240138373
240138372
697911363
278426497
138124612
599800260
154445221
122633697
122633696
6024290
495192736
6024295
34061251
34061250
536764419
94295808
34061255
34061254
301176806
203077569
203077568
470549126
573301380
525657059
477081827
477081824
477081825
48381763
48381762
48381761
48381760
48381767
174725255
87327649
644290148
656283971
641734849
660795463
6271331
559203808
6271333
6271332
447924134
552816103
595515232
595515235
595515237
595515238
595515239
688948167
647587365
649310210
425642337
641939907
715589345
680315874
425642338
366055809
538743782
543445633
150214343
150214342
150214341
543445632
668398496
477596096
143088548
618110594
618110596
87613921
470549123
675597955
434184931
434184930
409351811
652060322
409351813
409351814
409351815
741963717
41523207
41523206
41523205
286043014
41523203
286043012
41523201
286043010
276080647
276080644
276080645
276080642
152754278
276080641
214995845
152754277
214995847
214995841
214995840
600051204
214995842
656879107
520450630
656879104
761417089
443413634
61112741
581053731
581053730
549171077
656879109
581053734
155431648
400709639
190475360
117131142
117131143
117131140
190475365
494042471
400709632
648507648
249589443
88618438
88618439
249589446
249589447
635388293
88618433
88618436
364973127
364973124
364973125
680300903
29291015
680300900
672634758
29291011
470549120
29291013
124842053
124842051
124842050
427411943
427411941
427411940
567475302
558461025
114249346
203418471
59209409
96025478
114249348
586458050
147562758
751970339
480795424
480795425
480795427
480795428
388258980
147562752
147562755
147562757
516767619
390657761
746481511
249649121
439735110
249649123
249649125
277537543
249649127
343871813
343871810
637930018
343871815
76432770
291155874
291155877
701939520
172268741
172268742
172268743
685196262
96025472
563023751
49554213
248870048
248870049
49554214
49554215
751171332
727809795
668896326
283626305
177366019
572807747
572807746
738879490
177366017
576926241
727809799
111087301
580058755
431726688
431726689
485344452
667328643
763004802
158007011
404610215
404610213
404610212
404610211
586961382
111387655
763004800
111387650
167256519
287083809
255871718
255871715
95049408
255871716
167256517
255871712
211153187
91243968
298799488
383196135
446779623
509962212
271554081
515049313
550371746
268428928
416555362
27336388
679182663
714002469
732401732
509962210
732401735
529490690
742646854
522553190
263539687
531319430
445299781
194877408
149565351
667202304
347203073
639636673
309502720
159533479
263539685
603410086
576194565
407140807
466112835
466112836
263539684
722104386
722104387
722104384
174436258
248339267
248339264
532221541
532221540
532221543
749306210
648510501
561727969
52251205
52251204
342606624
52251202
52251201
52251200
343898822
123820193
63881221
123820195
683020517
726648545
543321027
669919621
749306214
152118407
152118406
326565060
152118404
133704551
133704550
152118401
254830754
254654533
254654532
218405504
726472192
149285862
149285863
149285860
254654534
697855719
537488775
664329799
284227143
284227142
537488772
750026080
268697863
497920807
697855715
750026083
604854371
389784832
681264291
681264290
683494180
389784836
310532641
310532640
310532643
310532642
310532645
390669670
691380544
78507808
291373446
556285509
291373445
291373443
291373441
710981795
676708546
9194245
460230085
654027840
188022119
334425248
334425249
683017159
715711847
715711846
575174660
710981796
715711843
591216896
715711841
461851939
756656483
63989665
63989664
472549252
63989668
202208134
395794916
404550946
395794914
562703106
395794913
712191968
497608193
759984706
682443302
686549696
395794919
164046945
164046944
265935650
265935651
599336068
626572965
265935654
696749702
546364804
633470279
696749701
569302977
147071616
147071617
247656964
247656962
616784229
247656961
152817221
382051715
152817222
348496896
147071619
576066119
525366919
599336069
525724450
31183428
544992768
571280230
361943842
525366912
31183427
361943847
525366916
667406306
622092743
694049829
622092741
575174663
667406305
202215911
202215910
692244643
692244640
692244641
716353409
369335590
701708481
214056775
522034532
354038404
182545760
182545767
214056770
354038400
182545764
739068871
577154243
577154240
682076898
743917479
487091203
643528578
151386786
151386787
151386784
151386785
449052869
449052868
489031942
625742401
625742400
147685730
575647075
575647072
472627618
472627619
575647079
606668071
228268128
228268129
543191171
119274208
532415875
133011332
721660578
133011330
133011331
294674144
294674145
133011334
500681095
294674148
144386374
168871428
350632099
259521028
311526470
144386372
643772549
516478018
739638533
298916864
291223522
136820162
136820163
551616193
136820161
643772545
551616197
551616196
545088737
557337606
318361570
258269031
248935015
94322311
248935013
698089953
545088739
248935010
397973190
545270978
671150117
642011138
630463808
110425378
81840995
714905058
632103780
381297671
72416295
72416294
511096068
295673250
72416290
72416293
72416292
278808579
450289378
668353798
551400161
551400160
551400163
296960704
747293603
551400166
342719266
342719265
342719264
621552448
376246787
315079558
376246785
315079557
380974145
315079555
315079552
342719269
342719268
741549541
762562022
268000709
268000706
268000704
268000705
333085568
333085569
404753159
516336417
433508672
372308032
35840998
644197056
262931651
262931650
263190439
262931652
262931655
624708225
35840996
347101473
472166784
315279716
472827910
624708227
138516130
516336418
347101475
762764901
762764902
40260261
40260262
40260263
60304321
696650433
134721248
498116259
498116258
573235015
400069062
543834630
400069060
400069061
498116257
410715175
556765731
631541701
237218051
237218050
416289537
237218052
237218055
417152774
249617505
359928386
416289538
436114918
359928385
487191843
218831489
194903591
194903590
45061444
45061445
54950560
54950561
54950566
49545793
45061443
741316096
508966212
311358789
487191840
462769159
543876323
710742247
311358787
741316098
274207973
48898884
48898887
48898886
48898881
48898880
48898883
435463654
487191844
576788935
279441026
372890661
372890662
372890663
524308230
301394341
301394343
701047910
117228289
748669348
631514278
676343171
429872487
130304839
429872485
445866724
429872482
429872481
66820551
567303430
540048643
474859430
421764673
240101540
167021345
650074145
469300263
347318597
469300261
668378438
347318596
13434021
404753153
684363749
701002948
347318595
679921030
543244448
24600774
347318594
24600772
24600770
24600771
235898147
75761088
280379398
583170884
454065030
583170881
280379392
688397059
752036294
280379397
235898149
120620868
370778852
410715170
310156838
310156839
686779940
310156834
641936768
310156836
120620864
120620866
537632871
454383777
664473607
380411238
506510343
380411236
506510341
664473606
380411233
156369568
481474146
314933510
660275750
299395107
299395106
299395104
742783138
443200742
443200741
299395108
398116256
481474149
726182630
387413795
712105414
714806758
476182151
387413794
240344450
231024928
231024929
332549607
240344454
332549604
508133856
150597857
376486179
192727079
192727072
192727077
192727074
508133859
422597666
422597664
422597665
222470791
431755938
387413792
516651296
273584128
422597668
425471910
445866727
223844290
488773408
223844295
113189505
439572098
568036166
697334725
737220321
601854689
428414855
525392866
443312098
669667460
298845605
701454631
513513952
640848613
589708673
638490278
130059206
373574048
373574049
619814625
569382469
338696326
667006337
558132352
436805699
533582626
85314562
181775942
640840487
640840486
85314563
619814628
152378148
152378149
501676738
269483398
390705089
390705088
269483395
269483397
298845602
137441733
137441732
269483393
137441730
256609731
587809509
538216995
196079939
652361312
667073414
554727206
674534916
196079936
392088195
90458754
392088197
392088196
644351776
501676739
631494176
326721414
535007591
535007590
252864934
728046533
590467168
517632134
664637601
252864935
5593125
491675713
571901792
47061607
47061600
386922629
47061602
571901797
232485604
646670689
232485601
479151815
232485603
735189412
54148545
54148544
595048453
573583942
292945415
292945414
595256419
715146337
479151813
737861414
54148548
336403648
453729893
559099394
423049762
334580132
334580133
334580134
334580135
290675748
400528615
486257088
39643747
507786180
559099399
416580391
388294435
207677888
568036163
587809507
579426657
579426659
562161155
565956967
428414850
398749669
705356865
224684326
224684327
224684324
423049765
398749667
224684323
224684321
750102023
442578535
442578533
705356869
442578531
12873670
12873671
668888515
668888513
614994821
614994822
558000289
353177575
353177573
499352071
82793025
220412132
220412133
220412130
519474084
275195843
398719938
275195841
82793029
275195844
275195845
209485638
175667910
718223840
718223843
426853184
209485634
209485635
728046530
369241314
324534529
114038178
341042951
114038176
114038177
686918245
612729412
10930245
10930244
590620135
571094851
56373217
723300609
10930243
557274848
110909312
383048452
110909316
110909314
642114694
597347043
134996998
490840708
125067460
362198209
134996993
134996992
490840707
487499142
134996997
134996994
570771941
368730784
368730787
742646023
613249956
38734722
282313926
462667330
38734721
282313923
38734724
38734725
745131043
76947394
76947397
76947396
595574118
76947393
761850401
296308357
296308356
595574116
296308354
296308353
296308352
595574112
742646020
588053058
541759842
758581536
679493284
575463847
340546306
340546307
575463841
727067746
484626791
10481735
10481732
10481733
10481730
642867523
40589283
40589281
40589286
438721796
742646021
651797249
249680387
249680385
603620101
603620100
249680389
249680388
239460993
17245669
239460995
239460994
17245665
17245667
17245666
429069376
626811396
487926535
275754019
703910245
703910247
487926532
578518722
394224643
338734854
338734855
82877729
578518727
275754016
275754017
406627238
687494208
730602722
730602723
406627233
406627232
730602726
406627234
406627237
568021376
757865541
177303779
738249478
65022627
65022625
16631201
570293799
16631202
16631205
662944675
16631206
679155200
234123713
95006468
95006469
234123714
357049639
357049636
239339300
234123718
594378469
575788386
95006467
337202119
95006465
553442626
111854598
244846274
244846275
244846272
244846273
590987397
496061345
590987399
108372097
111854592
111854595
692418214
111854597
539646467
216598563
216598561
216598560
283339814
122653350
216598564
501676736
138464128
45910277
601162180
617474080
24045991
197012103
419469126
531825922
487250275
197012100
676373669
37119046
676373667
730677380
676373664
655749542
750024807
383271265
750024805
37119044
750024802
750024801
750024800
447554880
37119043
9196646
9196647
371608484
371608485
407252229
371608487
416005122
487464069
416005124
71524102
239514919
416005127
239514917
239514916
239514915
37119040
239514912
23197058
87089895
87089893
195115943
195115941
572853798
736600899
518158117
480498401
23197057
68513218
148456774
293113730
148456771
54172039
148456773
293113735
554455714
54172032
54172033
123255235
664902790
450946306
134255239
246252742
246252741
51535590
134255232
134255233
598404294
63536546
744285665
63536545
695685409
729452065
686079264
729452067
59002470
63536548
63536549
406139041
718677383
224441443
679227555
508635716
730546465
679218471
219923968
579046247
579046240
714856673
714856672
656917571
744326183
656917573
714856676
669383814
730546468
654267878
224441444
393116736
393116737
393116738
571609475
654267876
571609477
287380769
571609473
590534119
498121412
498121411
193446628
389547202
193446627
193446624
498792962
610492451
500707329
500707328
405515969
389547200
486504193
522221409
332378464
583897413
707804423
599825349
389547206
182316578
331912644
387006465
387006464
387006467
387006466
387006468
631423143
687377703
598821024
617720614
182316576
598821027
398606753
13108743
398606755
398606754
398606757
655337344
301620641
259451623
301620643
315063300
655337347
301620647
315063303
37752192
290243360
573949792
37752196
37752197
534545797
290243365
498792960
37752199
279548134
222803686
520972960
279548131
246349669
279548133
119693826
687873474
573710049
32894406
119693827
639992420
21613831
573905217
475501029
294882915
573905218
728897536
512119783
679227552
512119781
503449223
404494341
62417348
62417347
62417345
506796323
139891587
287514946
495525411
511130307
511130309
511130308
257091653
257091655
287514949
287514948
8014756
72856838
8014754
176315426
8014752
8014753
525544579
446818727
145260448
233917923
72856832
72856835
100330630
8014758
72856836
494151906
163406629
609800896
174875847
174875846
174875841
746073543
174875843
174875842
423312994
423312995
455121472
423312997
455121474
455121475
423312992
455121477
256099462
256099463
256099460
497159814
423312999
497159810
125496835
125496834
125496837
125496836
388980257
391959394
219394565
352965607
352965606
352965605
443238912
125496839
125496838
367182624
443238916
336484225
553991009
417900417
118524097
461618563
118524099
455852134
336484229
461618560
511525889
351239910
351239911
216953248
189432130
391561475
189432132
189432133
62837344
1633088
62837346
572836130
545473574
618078755
39146951
39146950
297921766
185023492
297921760
590953607
229804288
590953605
572836134
148193351
590953601
98234662
98234663
488102471
482794592
586509410
756778017
527376901
219023936
76703367
507050435
76703365
76703363
76703361
414729442
414729443
681650850
414729441
441712679
94378818
414729444
507050438
629567940
594405856
736149091
584887270
736149095
505896326
406462465
406462464
296606055
304552454
506987973
296606051
406462467
296606053
304552452
729331203
606688930
729331206
123150337
729331204
396727745
67589799
67589798
261670883
651446567
261670884
583384322
67589793
87955969
583384326
639165505
441500737
601748614
634389568
728942247
463957190
541771782
465516865
251832930
263683879
426280100
251832934
546502821
335940353
335940352
335940355
335940354
679469220
543477543
553896739
570094086
570094080
460244487
329474981
350481767
168737123
168737120
168737121
168737126
350481762
267106179
267106177
410274723
290050854
290050855
290050852
413598631
574451175
290050851
528528260
601916707
558735522
114611492
750589413
601916709
558735524
331518245
549020708
448151936
448151938
448151939
549020707
582731968
316589248
436133477
230995520
760621345
230995522
143505479
206608007
353062883
206608005
152739014
152739013
152739012
206608000
662855652
555259011
555259013
555259012
64931431
725668832
566230787
186215878
485413030
583731460
568072901
578392323
521511943
66326369
521511940
41570979
41570978
110042914
525382690
418419109
41570977
566192807
762638243
552655014
711013571
343337792
343337793
525382692
692606341
657998951
343337795
103434657
343337799
309119460
309119462
525382694
641300197
706701216
418419104
259507680
259507683
259507682
641300198
259507686
444513440
418419106
430612740
615426497
632438436
740136226
632438435
713077542
632438433
410316354
746344675
502261376
449920928
449920929
535255233
502261379
261991302
261991303
535255235
261991301
566997923
682155910
481372772
702876838
323004096
441429344
371360608
65731110
65731111
387059079
435117730
435117731
435117733
72478438
611229254
145803879
145803878
140305408
140305409
145803877
72478432
371973700
72478434
145803873
741770816
688123680
683966757
592974848
720997509
376357476
376357473
595667808
189840614
189840615
120113671
376357479
376357478
157757093
572909381
157757091
295601956
295601957
295601954
295601955
740363361
612266785
704233831
295601959
441133955
544125888
109712130
489361217
442467173
579851936
586741319
586741314
586741315
398963168
579851939
212620226
489361218
212620225
72357701
72357700
72357702
3476869
3476868
3476867
282969952
167414503
167414502
347324227
347324224
347324225
157908065
157908067
157908066
376143649
665630663
484157286
347324229
434005603
149326918
665630662
505851207
93160551
54332420
54332423
505851206
149326917
149326914
149326915
180563680
180563686
180563687
180563684
246176995
24116645
246176997
24116647
24116640
370966886
24116642
246176992
322901670
128778819
18012390
18012391
249797188
249797189
249797187
547385057
128778817
23756357
407818727
407818724
660196644
23756353
660196642
660196641
253563655
578222245
578222244
578222246
143282209
578222240
578222243
23756358
98332419
399859648
615742470
578995591
392450948
470295682
392450945
392450944
252119751
737130276
689442529
492304101
11200224
11200225
706315140
11200227
100387268
11200229
291671875
256519623
291671873
256519620
756855746
562895975
562895972
237199396
562895970
562895971
76569698
121368390
81898183
731223328
630483300
611351488
756855745
689916131
630483301
144336004
35884742
563626309
144336007
697079488
144336002
668841351
522311014
259322278
522311010
444690433
336072389
522311013
336072387
336072386
336072385
55941733
444118726
259322276
259322275
357648448
56801509
56801508
692991429
687046051
692991424
692991427
647952932
755623110
56801506
325216257
56801504
740013634
608018977
483600771
459991142
619442500
596973605
692627653
379467746
616308353
44107908
46812163
682758594
602787874
621640485
44107907
62264227
44107905
44107904
697397728
641509095
637189444
290230470
694650464
694650467
44413474
44413477
97486849
154852773
762809217
154852771
584349120
392661701
31916032
31916035
584349124
31916037
165189057
165189059
4080131
4080130
703711942
4080135
4080134
7852164
594785250
7852166
455455428
7852160
7852161
7852163
425387073
607056610
446127264
703125344
689949127
455455425
741478246
130169506
548432711
130169504
654321765
355607942
355607943
663489414
663489415
663489412
149133889
130169509
168610535
168610534
289800325
289800324
289800323
289800322
168610533
1758368
135722375
413148452
499433922
135722372
548432710
677572775
480845060
78105991
446913410
21678338
21678339
677572773
133724581
354166914
103352992
170753094
103352997
103352995
687674049
444032355
444032356
444032357
55809346
116990279
55809344
444032353
116990274
672300934
55809349
672300931
672300930
598732935
116990273
16076390
336608231
510894052
95985987
432405541
95985985
95985984
62910209
95985989
617893376
381092134
536736423
749585667
673311015
341863265
151135972
695421857
74204928
326230723
326230721
341863269
326230724
326230725
147676101
90198981
90198982
147676102
702596453
72442145
72442146
694187300
72442148
25431077
247411105
25431075
306209571
25431073
306209573
9848708
347796481
694187302
347796487
542265671
539735489
539735488
528688677
528688674
124451747
762343904
546189990
655955525
124451749
9848707
208422368
48860550
239934371
176608739
228076898
402428737
402428736
235131236
429193379
179098722
176608737
228076896
41881543
41881541
666905636
131572518
131572519
196042085
546985251
725425409
745833025
525297191
131572513
679737799
79381281
587293991
648587396
749787781
79381286
404635973
404635972
404635971
437105350
103561952
404635975
404635974
265647461
301916547
301916545
725326722
546985250
537271680
648587392
710936610
544614213
631160645
548075841
693366247
177482375
177482373
3774336
3774337
3774338
3774339
653110277
504079521
137065415
627696708
24128352
24128356
673311010
24128354
92111746
24128359
92111744
676452961
147241857
504079526
130527329
191061315
446446149
550229955
191061319
191061318
403594882
361027168
190321124
190321125
190321126
190321127
589843139
190321121
725536327
17213186
283503680
283503681
283503683
317477664
544685606
317477666
544685604
675839906
675839907
757070757
607952485
2705797
623375653
217466081
86747681
251899234
251899235
412980225
113352070
167931555
251899233
676452963
607952480
555051366
595055428
412980229
13340901
513578848
759837570
716849894
414707589
315090977
731375040
254182342
666905637
254182340
414707588
716394240
485922055
446446145
186706016
186706017
592520708
751204481
69258983
684784737
684784739
595055429
509938183
752268517
186706019
359030950
752632672
414707584
630180900
630180901
630180902
577908327
575797157
455340868
454835175
204505126
170350208
204505120
204505123
595055426
43145922
455340864
563016450
455340866
455340867
592536647
643125860
225276199
225276198
592536643
457913030
587092066
587092067
225276196
591008516
594165696
42891493
42891492
42891491
57034657
42891495
182566404
141144132
386904800
467558149
406589668
663993762
539444773
141144134
486383201
449411014
486383203
449411011
486383207
486383206
252105895
252105894
421930337
374296391
335290081
388396900
335290083
335290082
304565219
304565218
266134816
335290086
266134818
266134819
687063202
304565216
455936517
455936514
112986246
137872451
137872452
112986245
31097664
112986243
31097666
31097667
31097669
644155431
601792641
681107526
428422055
588333345
588333346
588333347
703549505
703549507
703549509
616983590
616983591
627144069
214406177
66413794
66413795
26543426
66413797
610359142
140923078
114432934
84876455
140923074
94491329
140923076
26543428
26543429
629225412
164647428
673064258
460424992
14543296
14543297
460424996
239985669
239985668
239985666
239985665
460424998
508639908
228692737
235988708
757776294
140964771
717135779
704312354
432818182
582866566
218968768
520335490
623419778
228692739
99704869
112550854
657186369
590881382
522860710
522860711
85433763
85433761
99704865
85433767
99704867
85433765
93942049
753906083
80605125
237095458
742979555
393450151
566477219
138566947
742979553
170556837
393386531
393386530
373267297
582622883
112550852
519167458
385543526
22486853
172318273
385543523
625315681
385543521
202823204
751615268
202823206
202823207
202823200
206039270
202823203
614927875
499310469
688454848
753906084
747452519
434853441
124796739
580125505
1637798
535043271
1637797
1637794
1637795
10720230
506281029
159717543
159717540
159717541
714799269
28639395
28639396
28639397
691797378
506281026
255183367
255183364
274322310
415613409
415613408
255183360
109590945
536519363
433136354
109590948
309100228
309100229
536519365
433136352
315129312
315129313
353029826
629225413
315129317
701244736
315129315
460550917
618435812
460550915
460550914
353029829
353029828
582622886
460619495
536696736
762717985
656346785
582957764
719339428
531124709
124057697
719339425
131381538
607817031
607817030
87456871
87456870
291055045
170879553
120558562
120558561
291055040
636677989
154647168
337861766
684573543
753213734
62439522
12149701
582957765
62439526
62439525
252031810
252031813
252031815
25024225
25024224
25024227
247004357
705870979
721809893
247004353
721809892
25024229
25024228
565115265
759852103
382055267
237248096
382055265
754208868
580612291
729916741
168534050
410568550
656346789
237248099
321207750
382055269
82734624
82734625
687964645
82734627
104906438
539320007
434600739
104906434
104906435
349928196
104906437
722004901
104906433
580806881
111832002
111832000
111832004
126709542
96081382
3092294
258937250
134207520
175966467
134207522
134207525
258937255
689281731
391388643
210553155
391388641
391388640
175966469
175966468
582957760
369594882
198892167
198892166
306986083
198892164
198892163
198892162
32951015
81260038
741402245
163376327
32951010
411524356
297536164
224823841
297536162
372649348
655744034
748983909
408031718
101365798
265542336
700459687
701458691
310588359
700459682
739169603
466014020
499656674
245595906
310588353
723013507
667852608
587110629
195136837
18846502
18846503
347850215
347850214
716998627
347850211
503574401
347850213
517867941
692798983
675678564
439756581
716998629
716212295
438024928
505879651
505879653
574010309
505879655
171698149
616120707
616120708
580743425
275698981
741270215
275698982
483468390
483468391
614181510
614181511
227892742
227892740
227892741
31634215
432228096
31634211
197606053
197606052
197606050
214288546
214288545
197606054
192886689
214288549
214288548
750506912
688636071
67567138
750506914
253831143
67567136
238743590
516769026
613057093
541113924
298125474
609338497
516769025
710800290
667058498
214570055
703439558
214570052
214570050
32439524
32439525
32439526
32439527
744825984
513639872
32439522
754356545
429489728
439938
439939
412490017
290072230
750218501
162201031
279975239
419128388
199932480
351020710
199932483
199932484
522363488
199932486
199932487
132279938
705120007
330523142
330523141
472198246
472198247
472198245
472198242
123129351
52061670
542940773
528643681
460365857
528643687
528643686
542940775
528643684
465076933
279288387
420129766
279288385
460365859
632970177
587029057
168291879
168291877
100543331
100543332
168291874
168291873
8346531
8346533
202151361
745875203
384012356
476252641
202151364
202151367
202151366
643537573
509753636
475917221
724114150
724114151
638964003
412488099
594277027
658640837
261480673
261480672
215087776
261480674
342592453
342592452
261480679
322111683
342592455
445699556
445699554
508207619
445699552
639122244
658640836
79094500
680113411
508207616
625378404
445699558
445699559
602220452
662508679
700238758
217555745
217555744
217555747
6725862
700238753
700238752
168411172
283168709
168411174
434293732
562636423
562636422
211060803
396422693
211060801
434293733
211060807
396422694
394490944
511071297
146293990
643910624
643910625
381505344
300071393
707460928
52908417
52908416
318429350
52908418
732174434
727901312
381505349
712937568
401298950
38159648
38159649
356564868
600254561
68531587
341195271
68531589
559230790
89739620
89739621
348765505
89739623
120867108
120867109
145821253
331773121
331773127
331773125
587697030
719448420
62886720
120867104
120867105
120867107
598722626
640677219
357347877
197670788
197670789
197670786
205044128
197670784
357347878
683057095
216209601
216209600
216209603
356997062
356997063
356997060
216209606
584350848
507151137
14052740
602053829
415161443
612785060
258341344
743574630
158554597
158554596
204327555
158554594
372622370
372622373
158554598
372622375
372622374
731395523
239602375
239602374
570706945
570706944
239602371
631507620
760704038
737420704
612785061
460008262
202609191
231213607
611642976
401607393
601615461
601615462
601615463
516727331
420414564
282205671
516727332
420414560
274386308
424857574
598722628
27493444
507948676
274386304
274386305
600663556
275284871
126416902
35311811
178750080
635628483
178750082
306174754
240316193
306174757
670778784
715610593
134373473
300977124
633987747
348335493
134373477
101472261
568447940
101472263
153144133
153144131
153144130
555252100
153144135
506929766
168679650
168679653
734290592
683833380
683051008
666599047
106590151
679938182
231293479
225357443
427895715
427895712
225357444
225357447
225357446
231293473
231293474
231293475
672118149
231293477
352057190
304900231
565895556
620990019
603955045
620990017
149979843
412864802
149979841
725740902
314191079
2450786
2450785
2450784
314191075
2450788
314191072
558552260
507948672
707484129
720888258
283901377
520071842
371082368
744972359
283901379
544464161
542330400
567575909
759287233
349226017
668274819
668274817
176996258
176996259
567575905
759287235
670320227
383882242
555670598
735432001
470626018
296910022
296910020
555670596
422566882
657539716
555670593
555670592
379144801
238325860
369225732
379144802
369225734
479770311
379144807
72875398
72875397
72875396
72875394
669937895
72875392
605137703
37594404
2921253
37594406
2921251
243445568
37594401
252505826
2921255
177578818
70749511
70749510
421187170
310058022
555698150
418807334
635628485
320591363
475588422
41297028
582673252
582673251
582673255
582673254
719502721
479609185
110398338
479609187
17967462
17967463
258855462
17967461
479609189
479609188
110398337
110398336
603955044
156862661
355485409
486331685
762217220
762217221
566981856
49566149
494043525
371718240
272261218
722651808
494043523
47956740
449990630
714544930
47956743
568902919
714544934
743691335
221398950
568902912
78143238
84806021
699987841
277573989
257020224
207636355
207636354
257020229
277573984
207636359
352432162
78143235
78143237
612238016
629459072
461354561
629459077
629459075
36595685
305083969
596318337
552365349
583471398
674240613
701634372
701634373
40562851
142528737
40562853
40562854
40562855
521023264
254489700
254489701
142528739
142528738
611906631
611906630
396744420
396744421
704312353
297388230
337702435
378725120
92828032
337702438
337702439
303571367
736430309
303571365
378725127
696389602
129374850
129374851
515853093
129374855
669429666
631547972
723391366
612683649
699798049
91280835
552386145
111511783
624493984
624493987
624493988
385608640
602459747
91280838
392601861
654949057
654949056
126220608
51004451
51004450
733886626
446295972
591228070
148488004
440288448
743527782
83181892
654949059
148488005
358111462
358111461
606392199
300886342
206963557
206963556
206963555
206963554
206963553
413797632
130026017
526856032
180961443
538530464
526856036
180961447
180961445
648338373
526856038
760704037
570860770
268024929
277627909
743167750
658110498
92002310
544464163
648665347
277627907
202140293
202140292
586305543
202140295
202140294
413577095
413577092
279409249
70817764
655744032
688356674
70817766
589945985
679389671
655776611
655776612
520632098
70817760
452983684
616429412
81460288
240835940
240835941
172809826
229587233
172809824
44369409
316869604
124766658
172809829
316869600
316869601
40774661
431370209
698039618
502784806
502784804
342734688
43778534
117194114
30043809
633585991
132989701
761302438
97918177
632937024
163926949
561160897
485634246
532147841
557180740
557180741
97918179
752795298
429815490
638765316
532147843
755556549
163926946
606392194
294793700
485634242
412864801
414739494
667312515
739924677
625368198
378545827
675352324
575030562
378545828
43020928
725878883
603994532
514041794
15295424
675597478
15295426
15295427
15295429
316518375
316518373
316518372
316518371
316518370
16144418
514041797
209821670
209821671
555666564
20034944
20034945
603994533
20034947
761366208
752827970
605139139
212501191
702390785
440880837
623996482
440880839
623996480
299781857
414300805
623996484
623996485
527686470
338428259
45309764
45309765
45309762
45309763
45309760
603994530
414300803
88512932
728022882
50294501
50294500
50294503
338428257
390429798
636950497
731901795
731901792
731901793
665249444
715572544
113532736
113532737
665249446
423366177
233715814
756170117
423366176
233715811
233715810
233715813
281645831
704587938
667295975
425533862
667295973
761302433
667295971
659443750
576960291
665249442
479799299
704587936
389494470
450905666
199315776
752827973
338672000
199315779
338672005
338672006
338672007
624937314
315534721
624937316
761302432
458061152
453844101
570689376
570689377
190877446
190877440
700836034
556425607
673584451
675101762
574301475
473485061
180520453
638573472
372492327
520627748
559495074
315534724
376309635
376309637
441890913
315534727
472002210
577660960
599716320
429982049
282547361
376309638
376309639
441890919
675101767
229775429
229775428
43863718
20163425
638765319
20163427
20163429
43863716
151115264
43863712
752268518
662372067
108726244
112825473
599716323
112825472
598024391
762260134
659223686
402443780
390585031
714076516
1351392
473779136
402443783
1351397
589081696
540195239
1351398
473779138
190500710
690377027
260256646
245741826
599716322
245741824
609948996
451216099
245741828
265934951
227873988
487284545
487284544
487284547
487284546
395170790
178088167
178088164
178088165
369904740
369904743
369904742
761302436
609948992
275102244
177816996
117036928
177816994
177816993
275102242
570790659
746899617
639071681
659223684
696558561
678051332
73701476
753684774
601671013
335158369
455338211
619074374
433158535
433158534
494546338
594556322
360823142
594556320
589081698
558991238
594556325
39107200
2465
2466
39107203
528418054
78937571
39107206
78937573
2468
2469
636344902
248298567
248298566
248298565
248298564
248298563
248298562
659223682
248298560
348358594
529922055
348358596
143079655
143079653
143079650
143079651
316499009
437141187
437141184
437141185
291253700
291253701
580448386
230639844
78823399
329334371
285137345
285137346
437141189
196312450
760771109
196312452
196312454
555538727
627116229
233041891
375944545
233041893
233041892
233041895
705259301
705259302
674040612
737932196
339243330
55543909
109341061
379348455
55543907
55543906
379348450
379348452
379348453
42203463
42203462
759906977
395924263
636207042
405393440
405393443
395924262
608251079
405393447
52835618
181608547
637189441
52835617
299361478
159270886
124190950
417751108
674067650
159270882
159270881
674067653
48623714
48623717
48623716
299361474
301555205
48623713
260734789
608507399
210039015
6972071
210039013
404983040
210039011
228148518
631901346
744039687
608507395
488986501
608507397
469705827
671486465
469705825
134965862
745176612
697577031
614983971
596484354
601204868
373963073
373963072
636286822
501165990
117884708
540722688
547604390
680497313
661720774
628655683
342091428
342091429
374735299
374735298
374735297
374735296
456799812
456799813
456799814
342091425
740480071
608758784
378211172
378211171
378211170
119225669
119225668
187107590
119225665
210189795
276304739
119225666
584564583
680513799
210189793
328821571
714230724
714230727
328821572
328821575
761591812
750221281
714230722
146155043
104897346
104897345
146155040
489043333
489043332
489043331
146155044
72950022
72950021
511129671
652234112
476623584
182839204
136085696
136085699
743350948
629255047
721876006
522720262
598365121
598365122
598365123
